0 0.412800 0.347692 0.412800 0.352308 0.412000 0.353846 0.412000 0.358462 0.414400 0.358462 0.414400 0.347692
0 0.408800 0.315385 0.408800 0.320000 0.409600 0.320000 0.410400 0.321538 0.410400 0.332308 0.415200 0.332308 0.415200 0.326154 0.413600 0.323077 0.413600 0.318462 0.412800 0.316923 0.411200 0.316923 0.410400 0.315385
0 0.404000 0.244615 0.403200 0.246154 0.403200 0.253846 0.404000 0.255385 0.404000 0.258462 0.404800 0.260000 0.404800 0.261538 0.406400 0.264615 0.406400 0.269231 0.407200 0.270769 0.406400 0.272308 0.405600 0.272308 0.405600 0.275385 0.406400 0.276923 0.406400 0.278462 0.407200 0.278462 0.408800 0.281538 0.408000 0.283077 0.408000 0.290769 0.406400 0.293846 0.406400 0.296923 0.407200 0.298462 0.407200 0.300000 0.408800 0.300000 0.409600 0.301538 0.409600 0.303077 0.410400 0.304615 0.410400 0.307692 0.409600 0.309231 0.409600 0.312308 0.413600 0.312308 0.413600 0.310769 0.414400 0.309231 0.414400 0.306154 0.412800 0.303077 0.413600 0.301538 0.413600 0.300000 0.414400 0.298462 0.415200 0.298462 0.415200 0.293846 0.413600 0.293846 0.412800 0.295385 0.412000 0.293846 0.412000 0.292308 0.412800 0.290769 0.412800 0.287692 0.413600 0.286154 0.414400 0.286154 0.414400 0.281538 0.412800 0.281538 0.412000 0.283077 0.411200 0.281538 0.411200 0.278462 0.410400 0.276923 0.410400 0.264615 0.409600 0.263077 0.409600 0.260000 0.408800 0.258462 0.409600 0.256923 0.409600 0.252308 0.408800 0.250769 0.408800 0.249231 0.408000 0.247692 0.407200 0.247692 0.405600 0.244615
0 0.474400 0.200000 0.474400 0.204615 0.473600 0.206154 0.473600 0.210769 0.476000 0.210769 0.476000 0.200000
0 0.479200 0.184615 0.478400 0.186154 0.477600 0.186154 0.476000 0.189231 0.476000 0.195385 0.477600 0.195385 0.480000 0.190769 0.480800 0.190769 0.480800 0.184615
0 0.473600 0.152308 0.472800 0.153846 0.472800 0.155385 0.472000 0.156923 0.472000 0.161538 0.472800 0.161538 0.473600 0.163077 0.475200 0.163077 0.475200 0.161538 0.476000 0.160000 0.476000 0.156923 0.475200 0.155385 0.475200 0.152308
0 0.459200 0.140000 0.458400 0.141538 0.458400 0.144615 0.459200 0.146154 0.459200 0.150769 0.458400 0.152308 0.458400 0.153846 0.457600 0.155385 0.456800 0.155385 0.456800 0.158462 0.457600 0.160000 0.457600 0.161538 0.458400 0.161538 0.459200 0.163077 0.459200 0.164615 0.460000 0.166154 0.461600 0.166154 0.461600 0.161538 0.462400 0.160000 0.462400 0.156923 0.461600 0.155385 0.461600 0.153846 0.460800 0.152308 0.460800 0.150769 0.461600 0.149231 0.463200 0.149231 0.463200 0.147692 0.464000 0.146154 0.464800 0.147692 0.466400 0.147692 0.466400 0.143077 0.465600 0.143077 0.464800 0.141538 0.462400 0.141538 0.461600 0.140000
0 0.405600 0.138462 0.405600 0.141538 0.406400 0.143077 0.406400 0.147692 0.408800 0.147692 0.408800 0.141538 0.408000 0.140000 0.408000 0.138462
0 0.461600 0.112308 0.461600 0.130769 0.463200 0.130769 0.463200 0.112308
0 0.428000 0.089231 0.428000 0.090769 0.426400 0.093846 0.426400 0.101538 0.428000 0.101538 0.428000 0.098462 0.428800 0.096923 0.428800 0.093846 0.429600 0.092308 0.429600 0.089231
0 0.455200 0.046154 0.454400 0.047692 0.454400 0.050769 0.453600 0.052308 0.452800 0.052308 0.452800 0.053846 0.452000 0.055385 0.451200 0.055385 0.451200 0.058462 0.450400 0.060000 0.447200 0.060000 0.446400 0.061538 0.444800 0.061538 0.444800 0.064615 0.444000 0.066154 0.443200 0.066154 0.441600 0.069231 0.441600 0.070769 0.440800 0.072308 0.440000 0.072308 0.440000 0.073846 0.439200 0.075385 0.439200 0.078462 0.438400 0.080000 0.438400 0.089231 0.437600 0.090769 0.436800 0.090769 0.436800 0.092308 0.436000 0.093846 0.436000 0.096923 0.435200 0.098462 0.435200 0.107692 0.436800 0.110769 0.438400 0.110769 0.440000 0.107692 0.441600 0.107692 0.443200 0.104615 0.444800 0.104615 0.444800 0.101538 0.445600 0.100000 0.446400 0.100000 0.447200 0.098462 0.448000 0.098462 0.448000 0.095385 0.449600 0.092308 0.449600 0.090769 0.451200 0.087692 0.451200 0.086154 0.452800 0.083077 0.452800 0.081538 0.453600 0.080000 0.454400 0.080000 0.454400 0.075385 0.452000 0.075385 0.452000 0.076923 0.450400 0.080000 0.448800 0.080000 0.448800 0.083077 0.448000 0.084615 0.448000 0.086154 0.447200 0.087692 0.446400 0.087692 0.446400 0.089231 0.442400 0.096923 0.440000 0.096923 0.440000 0.098462 0.438400 0.101538 0.437600 0.100000 0.437600 0.098462 0.438400 0.096923 0.438400 0.090769 0.439200 0.089231 0.440000 0.089231 0.440000 0.086154 0.440800 0.084615 0.440800 0.083077 0.441600 0.081538 0.441600 0.080000 0.442400 0.078462 0.442400 0.076923 0.444000 0.073846 0.444000 0.072308 0.444800 0.070769 0.444800 0.067692 0.445600 0.066154 0.446400 0.066154 0.447200 0.064615 0.448000 0.064615 0.448800 0.063077 0.450400 0.063077 0.450400 0.061538 0.451200 0.060000 0.452000 0.061538 0.453600 0.061538 0.453600 0.056923 0.454400 0.055385 0.455200 0.055385 0.455200 0.053846 0.456000 0.052308 0.456000 0.050769 0.456800 0.049231 0.456800 0.046154
0 0.460800 0.033846 0.460800 0.036923 0.460000 0.038462 0.459200 0.038462 0.459200 0.044615 0.460000 0.046154 0.460800 0.046154 0.463200 0.050769 0.462400 0.052308 0.461600 0.052308 0.461600 0.053846 0.460800 0.055385 0.460800 0.058462 0.461600 0.060000 0.463200 0.060000 0.464000 0.061538 0.464000 0.069231 0.463200 0.070769 0.463200 0.073846 0.464000 0.075385 0.464000 0.081538 0.463200 0.083077 0.463200 0.089231 0.462400 0.090769 0.462400 0.095385 0.461600 0.096923 0.461600 0.100000 0.462400 0.101538 0.462400 0.109231 0.464000 0.109231 0.464000 0.101538 0.464800 0.100000 0.464800 0.090769 0.465600 0.089231 0.466400 0.090769 0.466400 0.092308 0.467200 0.093846 0.467200 0.101538 0.468000 0.103077 0.468000 0.104615 0.468800 0.106154 0.468800 0.107692 0.468000 0.109231 0.468000 0.112308 0.467200 0.113846 0.467200 0.116923 0.468000 0.118462 0.468000 0.120000 0.468800 0.121538 0.470400 0.121538 0.471200 0.123077 0.471200 0.124615 0.473600 0.124615 0.474400 0.126154 0.474400 0.130769 0.472800 0.133846 0.472800 0.136923 0.473600 0.136923 0.474400 0.138462 0.473600 0.140000 0.472000 0.140000 0.472000 0.146154 0.472800 0.147692 0.474400 0.147692 0.475200 0.146154 0.475200 0.143077 0.474400 0.141538 0.475200 0.140000 0.476000 0.140000 0.476800 0.138462 0.477600 0.140000 0.477600 0.141538 0.478400 0.143077 0.478400 0.144615 0.480000 0.144615 0.480000 0.141538 0.480800 0.140000 0.483200 0.140000 0.483200 0.136923 0.484000 0.135385 0.484000 0.132308 0.484800 0.130769 0.486400 0.133846 0.486400 0.136923 0.485600 0.138462 0.485600 0.141538 0.486400 0.143077 0.486400 0.144615 0.485600 0.146154 0.484800 0.146154 0.484800 0.153846 0.485600 0.155385 0.485600 0.158462 0.484800 0.160000 0.484800 0.163077 0.485600 0.164615 0.485600 0.166154 0.484800 0.167692 0.484000 0.167692 0.483200 0.169231 0.483200 0.170769 0.482400 0.172308 0.482400 0.175385 0.480800 0.178462 0.480800 0.181538 0.482400 0.181538 0.483200 0.180000 0.484000 0.180000 0.484000 0.178462 0.485600 0.175385 0.485600 0.173846 0.486400 0.172308 0.486400 0.169231 0.485600 0.167692 0.486400 0.166154 0.487200 0.166154 0.487200 0.155385 0.488800 0.152308 0.488800 0.147692 0.489600 0.146154 0.489600 0.143077 0.490400 0.141538 0.490400 0.136923 0.491200 0.135385 0.491200 0.132308 0.492000 0.130769 0.492800 0.130769 0.492800 0.127692 0.493600 0.126154 0.493600 0.120000 0.494400 0.118462 0.494400 0.109231 0.493600 0.107692 0.493600 0.096923 0.494400 0.095385 0.494400 0.090769 0.495200 0.089231 0.495200 0.087692 0.496000 0.086154 0.496000 0.084615 0.496800 0.083077 0.498400 0.083077 0.499200 0.081538 0.499200 0.072308 0.498400 0.070769 0.498400 0.067692 0.497600 0.066154 0.497600 0.063077 0.494400 0.063077 0.493600 0.061538 0.492000 0.061538 0.491200 0.060000 0.491200 0.056923 0.488800 0.052308 0.488000 0.052308 0.487200 0.050769 0.482400 0.050769 0.481600 0.049231 0.479200 0.049231 0.479200 0.050769 0.478400 0.052308 0.476800 0.052308 0.475200 0.049231 0.475200 0.046154 0.474400 0.044615 0.472800 0.044615 0.472800 0.050769 0.473600 0.052308 0.473600 0.055385 0.474400 0.056923 0.474400 0.061538 0.472800 0.064615 0.472000 0.063077 0.472000 0.060000 0.471200 0.058462 0.471200 0.056923 0.470400 0.055385 0.470400 0.052308 0.468800 0.052308 0.468000 0.050769 0.468000 0.049231 0.468800 0.047692 0.469600 0.049231 0.471200 0.049231 0.471200 0.044615 0.470400 0.043077 0.470400 0.041538 0.469600 0.040000 0.468000 0.040000 0.467200 0.038462 0.467200 0.035385 0.465600 0.035385 0.465600 0.036923 0.464000 0.040000 0.463200 0.038462 0.463200 0.036923 0.462400 0.035385 0.462400 0.033846
0 0.492000 0.024615 0.492000 0.029231 0.493600 0.032308 0.493600 0.035385 0.494400 0.036923 0.494400 0.040000 0.495200 0.041538 0.495200 0.053846 0.496000 0.055385 0.496000 0.056923 0.498400 0.056923 0.498400 0.052308 0.497600 0.050769 0.497600 0.046154 0.496800 0.044615 0.496800 0.038462 0.496000 0.036923 0.496000 0.030769 0.495200 0.029231 0.495200 0.027692 0.494400 0.026154 0.494400 0.024615
0 0.420000 0.013846 0.417600 0.018462 0.416800 0.018462 0.416000 0.020000 0.414400 0.020000 0.413600 0.021538 0.412000 0.021538 0.412000 0.023077 0.411200 0.024615 0.409600 0.024615 0.409600 0.026154 0.408800 0.027692 0.408000 0.027692 0.408000 0.030769 0.407200 0.032308 0.407200 0.035385 0.406400 0.036923 0.406400 0.044615 0.405600 0.046154 0.404800 0.046154 0.404800 0.047692 0.404000 0.049231 0.404000 0.053846 0.402400 0.056923 0.401600 0.056923 0.400800 0.058462 0.400800 0.066154 0.401600 0.067692 0.401600 0.072308 0.403200 0.072308 0.404000 0.070769 0.405600 0.070769 0.405600 0.067692 0.407200 0.064615 0.407200 0.063077 0.409600 0.058462 0.409600 0.055385 0.408800 0.055385 0.408000 0.053846 0.408800 0.052308 0.408800 0.050769 0.409600 0.049231 0.412800 0.049231 0.413600 0.047692 0.414400 0.047692 0.414400 0.046154 0.415200 0.044615 0.415200 0.043077 0.416800 0.040000 0.416800 0.038462 0.418400 0.035385 0.419200 0.035385 0.419200 0.029231 0.416800 0.029231 0.416800 0.032308 0.415200 0.035385 0.414400 0.035385 0.412800 0.038462 0.412800 0.041538 0.411200 0.044615 0.410400 0.044615 0.409600 0.043077 0.409600 0.041538 0.408800 0.040000 0.408800 0.036923 0.409600 0.035385 0.409600 0.033846 0.410400 0.032308 0.410400 0.030769 0.411200 0.029231 0.412000 0.029231 0.412000 0.027692 0.412800 0.026154 0.415200 0.026154 0.416000 0.024615 0.416800 0.024615 0.417600 0.023077 0.418400 0.023077 0.419200 0.021538 0.420000 0.021538 0.420800 0.020000 0.423200 0.020000 0.424000 0.018462 0.424800 0.020000 0.425600 0.020000 0.426400 0.021538 0.427200 0.021538 0.429600 0.026154 0.429600 0.027692 0.431200 0.030769 0.431200 0.035385 0.432000 0.036923 0.432000 0.038462 0.432800 0.040000 0.432800 0.043077 0.433600 0.043077 0.434400 0.044615 0.434400 0.052308 0.433600 0.053846 0.433600 0.078462 0.432800 0.080000 0.431200 0.080000 0.431200 0.083077 0.434400 0.083077 0.434400 0.081538 0.435200 0.080000 0.435200 0.061538 0.436000 0.060000 0.436000 0.053846 0.436800 0.052308 0.437600 0.052308 0.437600 0.050769 0.438400 0.049231 0.439200 0.049231 0.439200 0.043077 0.438400 0.043077 0.437600 0.041538 0.437600 0.038462 0.436800 0.038462 0.436000 0.036923 0.435200 0.036923 0.434400 0.035385 0.434400 0.030769 0.433600 0.029231 0.433600 0.027692 0.432000 0.024615 0.432000 0.023077 0.430400 0.020000 0.430400 0.018462 0.429600 0.018462 0.428000 0.015385 0.427200 0.015385 0.426400 0.013846
1 0.148000 0.544615 0.148000 0.547692 0.146400 0.550769 0.144000 0.550769 0.144000 0.552308 0.143200 0.553846 0.142400 0.553846 0.140800 0.556923 0.140000 0.555385 0.138400 0.555385 0.136800 0.558462 0.136000 0.558462 0.136000 0.563077 0.135200 0.564615 0.134400 0.564615 0.133600 0.566154 0.132800 0.566154 0.132800 0.572308 0.134400 0.572308 0.136000 0.575385 0.136800 0.575385 0.137600 0.576923 0.137600 0.578462 0.136800 0.580000 0.136800 0.584615 0.135200 0.587692 0.134400 0.587692 0.133600 0.586154 0.132000 0.586154 0.131200 0.587692 0.131200 0.590769 0.130400 0.592308 0.130400 0.595385 0.129600 0.596923 0.129600 0.604615 0.130400 0.604615 0.131200 0.606154 0.130400 0.607692 0.130400 0.610769 0.131200 0.612308 0.132000 0.612308 0.132800 0.613846 0.132800 0.618462 0.132000 0.620000 0.131200 0.620000 0.130400 0.621538 0.125600 0.621538 0.124800 0.623077 0.120800 0.623077 0.120800 0.627692 0.120000 0.629231 0.118400 0.629231 0.117600 0.627692 0.115200 0.627692 0.114400 0.626154 0.112800 0.626154 0.112800 0.633846 0.112000 0.635385 0.112000 0.640000 0.115200 0.640000 0.116800 0.643077 0.116800 0.647692 0.119200 0.647692 0.120000 0.646154 0.120800 0.647692 0.120800 0.649231 0.123200 0.649231 0.124000 0.647692 0.124800 0.649231 0.126400 0.649231 0.127200 0.647692 0.128000 0.647692 0.129600 0.650769 0.130400 0.650769 0.131200 0.652308 0.131200 0.653846 0.132000 0.655385 0.132000 0.656923 0.132800 0.656923 0.133600 0.658462 0.134400 0.658462 0.135200 0.660000 0.135200 0.661538 0.133600 0.664615 0.133600 0.666154 0.132800 0.667692 0.132000 0.667692 0.132000 0.672308 0.132800 0.673846 0.134400 0.673846 0.135200 0.672308 0.137600 0.672308 0.138400 0.673846 0.138400 0.675385 0.139200 0.676923 0.140800 0.676923 0.140800 0.670769 0.142400 0.667692 0.146400 0.667692 0.147200 0.666154 0.147200 0.663077 0.146400 0.661538 0.145600 0.661538 0.144000 0.658462 0.144000 0.653846 0.142400 0.653846 0.141600 0.655385 0.140800 0.655385 0.140000 0.656923 0.139200 0.656923 0.138400 0.655385 0.138400 0.650769 0.137600 0.649231 0.137600 0.640000 0.138400 0.638462 0.138400 0.636923 0.139200 0.635385 0.140800 0.635385 0.142400 0.638462 0.144000 0.638462 0.146400 0.643077 0.150400 0.643077 0.151200 0.644615 0.151200 0.646154 0.152000 0.646154 0.153600 0.649231 0.153600 0.650769 0.155200 0.650769 0.155200 0.649231 0.156000 0.647692 0.157600 0.647692 0.157600 0.646154 0.158400 0.644615 0.159200 0.644615 0.159200 0.641538 0.158400 0.640000 0.156000 0.640000 0.155200 0.638462 0.155200 0.630769 0.150400 0.630769 0.149600 0.629231 0.149600 0.626154 0.148800 0.624615 0.148800 0.621538 0.148000 0.620000 0.148800 0.618462 0.149600 0.618462 0.150400 0.616923 0.150400 0.615385 0.151200 0.613846 0.152800 0.616923 0.152800 0.620000 0.154400 0.620000 0.156000 0.616923 0.156000 0.613846 0.154400 0.610769 0.154400 0.609231 0.155200 0.607692 0.157600 0.607692 0.157600 0.606154 0.158400 0.604615 0.158400 0.595385 0.157600 0.595385 0.156800 0.593846 0.156800 0.590769 0.155200 0.590769 0.154400 0.592308 0.153600 0.592308 0.152800 0.593846 0.152000 0.592308 0.152000 0.589231 0.153600 0.586154 0.153600 0.583077 0.152800 0.581538 0.152800 0.578462 0.150400 0.578462 0.149600 0.576923 0.149600 0.573846 0.151200 0.570769 0.153600 0.570769 0.153600 0.569231 0.154400 0.567692 0.155200 0.567692 0.156000 0.566154 0.156800 0.566154 0.158400 0.563077 0.158400 0.558462 0.157600 0.558462 0.156800 0.556923 0.155200 0.556923 0.154400 0.555385 0.154400 0.553846 0.152800 0.553846 0.151200 0.550769 0.151200 0.547692 0.149600 0.544615
1 0.046400 0.504615 0.046400 0.506154 0.045600 0.507692 0.044000 0.507692 0.044000 0.509231 0.043200 0.510769 0.040800 0.510769 0.040800 0.512308 0.040000 0.513846 0.035200 0.513846 0.034400 0.512308 0.032000 0.512308 0.032000 0.513846 0.031200 0.515385 0.029600 0.515385 0.028000 0.518462 0.027200 0.518462 0.027200 0.520000 0.026400 0.521538 0.026400 0.533846 0.027200 0.535385 0.026400 0.536923 0.022400 0.536923 0.022400 0.541538 0.024000 0.541538 0.024800 0.543077 0.024800 0.544615 0.025600 0.544615 0.026400 0.546154 0.026400 0.550769 0.028000 0.550769 0.028800 0.549231 0.030400 0.552308 0.032800 0.552308 0.032800 0.550769 0.033600 0.549231 0.034400 0.549231 0.035200 0.550769 0.039200 0.550769 0.040000 0.549231 0.040000 0.546154 0.040800 0.544615 0.040800 0.541538 0.041600 0.540000 0.041600 0.536923 0.040800 0.535385 0.040800 0.532308 0.041600 0.530769 0.044000 0.530769 0.044800 0.532308 0.044800 0.540000 0.045600 0.540000 0.046400 0.541538 0.049600 0.541538 0.050400 0.543077 0.052000 0.543077 0.052000 0.538462 0.051200 0.536923 0.051200 0.533846 0.052000 0.532308 0.052800 0.533846 0.052800 0.535385 0.054400 0.535385 0.054400 0.532308 0.055200 0.530769 0.056000 0.530769 0.056000 0.529231 0.056800 0.527692 0.060800 0.527692 0.061600 0.526154 0.061600 0.521538 0.060000 0.521538 0.059200 0.520000 0.059200 0.515385 0.057600 0.515385 0.056800 0.513846 0.055200 0.513846 0.053600 0.510769 0.049600 0.510769 0.048800 0.509231 0.048800 0.506154 0.048000 0.504615
1 0.643200 0.480000 0.643200 0.484615 0.644000 0.486154 0.644000 0.489231 0.644800 0.490769 0.644000 0.492308 0.642400 0.492308 0.642400 0.495385 0.641600 0.496923 0.640800 0.496923 0.640800 0.500000 0.641600 0.501538 0.640000 0.504615 0.640000 0.518462 0.639200 0.520000 0.638400 0.518462 0.638400 0.516923 0.637600 0.515385 0.633600 0.515385 0.632800 0.516923 0.629600 0.516923 0.628800 0.518462 0.628800 0.520000 0.628000 0.521538 0.624800 0.521538 0.623200 0.524615 0.623200 0.527692 0.624800 0.527692 0.625600 0.529231 0.626400 0.529231 0.627200 0.530769 0.628800 0.530769 0.629600 0.532308 0.629600 0.540000 0.630400 0.541538 0.630400 0.543077 0.629600 0.544615 0.628000 0.544615 0.628000 0.547692 0.629600 0.547692 0.630400 0.549231 0.630400 0.550769 0.629600 0.552308 0.628800 0.552308 0.628800 0.556923 0.628000 0.558462 0.627200 0.558462 0.626400 0.560000 0.625600 0.560000 0.625600 0.564615 0.624800 0.566154 0.624800 0.569231 0.625600 0.569231 0.626400 0.570769 0.626400 0.575385 0.628000 0.575385 0.628000 0.573846 0.628800 0.572308 0.629600 0.573846 0.631200 0.573846 0.632000 0.572308 0.632800 0.572308 0.632800 0.567692 0.633600 0.566154 0.635200 0.566154 0.636000 0.567692 0.636000 0.569231 0.636800 0.569231 0.640000 0.575385 0.640800 0.575385 0.642400 0.578462 0.642400 0.584615 0.644000 0.584615 0.644800 0.586154 0.644800 0.589231 0.644000 0.590769 0.644000 0.593846 0.646400 0.593846 0.647200 0.595385 0.646400 0.596923 0.645600 0.596923 0.644800 0.598462 0.644800 0.601538 0.645600 0.603077 0.645600 0.606154 0.644800 0.607692 0.642400 0.607692 0.642400 0.610769 0.643200 0.612308 0.644000 0.612308 0.644800 0.613846 0.645600 0.613846 0.646400 0.615385 0.646400 0.616923 0.647200 0.618462 0.647200 0.620000 0.648800 0.623077 0.648800 0.624615 0.648000 0.626154 0.647200 0.626154 0.645600 0.623077 0.644000 0.623077 0.644000 0.624615 0.643200 0.626154 0.643200 0.629231 0.644800 0.629231 0.645600 0.630769 0.647200 0.630769 0.648800 0.633846 0.650400 0.633846 0.651200 0.635385 0.651200 0.636923 0.650400 0.638462 0.648000 0.638462 0.648000 0.644615 0.648800 0.644615 0.649600 0.646154 0.649600 0.649231 0.650400 0.650769 0.650400 0.653846 0.651200 0.655385 0.652800 0.655385 0.653600 0.653846 0.655200 0.653846 0.655200 0.646154 0.654400 0.644615 0.654400 0.640000 0.655200 0.638462 0.655200 0.629231 0.653600 0.626154 0.654400 0.624615 0.659200 0.624615 0.659200 0.621538 0.660000 0.620000 0.660800 0.620000 0.660800 0.616923 0.662400 0.613846 0.663200 0.613846 0.663200 0.610769 0.664000 0.609231 0.664000 0.598462 0.661600 0.598462 0.660800 0.600000 0.660000 0.598462 0.659200 0.598462 0.657600 0.595385 0.656800 0.595385 0.655200 0.592308 0.655200 0.589231 0.656000 0.587692 0.656000 0.586154 0.656800 0.584615 0.657600 0.584615 0.658400 0.586154 0.660000 0.586154 0.660800 0.584615 0.660800 0.583077 0.661600 0.581538 0.662400 0.581538 0.662400 0.573846 0.663200 0.572308 0.664000 0.572308 0.664800 0.570769 0.664800 0.564615 0.665600 0.563077 0.666400 0.563077 0.666400 0.556923 0.665600 0.556923 0.664800 0.555385 0.665600 0.553846 0.667200 0.553846 0.668000 0.552308 0.668000 0.549231 0.666400 0.546154 0.667200 0.544615 0.668000 0.544615 0.668000 0.541538 0.667200 0.540000 0.667200 0.533846 0.668000 0.532308 0.668800 0.532308 0.669600 0.530769 0.670400 0.530769 0.670400 0.527692 0.669600 0.526154 0.665600 0.526154 0.664800 0.527692 0.663200 0.527692 0.660800 0.532308 0.660000 0.530769 0.660000 0.524615 0.661600 0.521538 0.661600 0.518462 0.660800 0.516923 0.660800 0.515385 0.660000 0.513846 0.657600 0.513846 0.656800 0.512308 0.656800 0.509231 0.656000 0.509231 0.655200 0.507692 0.655200 0.506154 0.656000 0.504615 0.656000 0.501538 0.655200 0.500000 0.656000 0.498462 0.656800 0.498462 0.656800 0.493846 0.656000 0.492308 0.656000 0.486154 0.654400 0.486154 0.653600 0.487692 0.652000 0.487692 0.651200 0.489231 0.650400 0.487692 0.650400 0.486154 0.648800 0.486154 0.648000 0.484615 0.648000 0.483077 0.647200 0.481538 0.645600 0.481538 0.644800 0.480000
1 0.925600 0.347692 0.924800 0.349231 0.924000 0.349231 0.924000 0.352308 0.926400 0.356923 0.926400 0.358462 0.925600 0.360000 0.924800 0.360000 0.924800 0.363077 0.924000 0.364615 0.923200 0.364615 0.922400 0.363077 0.921600 0.363077 0.920800 0.361538 0.920800 0.360000 0.920000 0.360000 0.919200 0.358462 0.919200 0.356923 0.918400 0.356923 0.917600 0.355385 0.917600 0.352308 0.916000 0.352308 0.915200 0.353846 0.914400 0.353846 0.914400 0.358462 0.913600 0.360000 0.911200 0.360000 0.911200 0.363077 0.908800 0.367692 0.908800 0.372308 0.910400 0.372308 0.911200 0.370769 0.912000 0.372308 0.912000 0.375385 0.911200 0.376923 0.908000 0.376923 0.908000 0.381538 0.910400 0.381538 0.911200 0.383077 0.911200 0.384615 0.910400 0.386154 0.909600 0.386154 0.908800 0.387692 0.908800 0.392308 0.909600 0.393846 0.909600 0.400000 0.911200 0.403077 0.911200 0.406154 0.912800 0.406154 0.913600 0.407692 0.916000 0.407692 0.917600 0.410769 0.917600 0.412308 0.916800 0.413846 0.916800 0.416923 0.917600 0.418462 0.917600 0.420000 0.916800 0.421538 0.916000 0.420000 0.914400 0.420000 0.914400 0.424615 0.915200 0.424615 0.916000 0.426154 0.916000 0.435385 0.918400 0.435385 0.920800 0.430769 0.921600 0.430769 0.922400 0.432308 0.922400 0.433846 0.923200 0.435385 0.924800 0.435385 0.925600 0.436923 0.926400 0.436923 0.927200 0.438462 0.927200 0.440000 0.928000 0.440000 0.929600 0.443077 0.928000 0.446154 0.927200 0.446154 0.926400 0.447692 0.925600 0.447692 0.924800 0.449231 0.924000 0.447692 0.922400 0.447692 0.920800 0.450769 0.920800 0.453846 0.921600 0.455385 0.924800 0.455385 0.925600 0.453846 0.926400 0.455385 0.926400 0.456923 0.929600 0.456923 0.930400 0.458462 0.930400 0.460000 0.932000 0.460000 0.932800 0.458462 0.934400 0.461538 0.933600 0.463077 0.933600 0.466154 0.932000 0.469231 0.931200 0.467692 0.929600 0.467692 0.928800 0.469231 0.928000 0.469231 0.927200 0.467692 0.924800 0.467692 0.924800 0.472308 0.925600 0.473846 0.925600 0.480000 0.927200 0.480000 0.928000 0.478462 0.931200 0.484615 0.931200 0.489231 0.932000 0.490769 0.933600 0.490769 0.933600 0.489231 0.934400 0.487692 0.936000 0.487692 0.936800 0.489231 0.936800 0.490769 0.937600 0.492308 0.938400 0.492308 0.939200 0.493846 0.939200 0.496923 0.940000 0.496923 0.940800 0.498462 0.940800 0.500000 0.940000 0.501538 0.939200 0.501538 0.939200 0.503077 0.938400 0.504615 0.937600 0.504615 0.937600 0.513846 0.938400 0.513846 0.939200 0.515385 0.938400 0.516923 0.937600 0.516923 0.937600 0.520000 0.938400 0.521538 0.942400 0.521538 0.942400 0.516923 0.943200 0.515385 0.945600 0.515385 0.945600 0.513846 0.946400 0.512308 0.947200 0.512308 0.948000 0.513846 0.948000 0.524615 0.948800 0.526154 0.948800 0.527692 0.950400 0.530769 0.950400 0.532308 0.952000 0.535385 0.955200 0.535385 0.956000 0.536923 0.954400 0.540000 0.952000 0.540000 0.952000 0.544615 0.952800 0.546154 0.954400 0.546154 0.955200 0.544615 0.956000 0.546154 0.957600 0.546154 0.957600 0.544615 0.958400 0.543077 0.959200 0.543077 0.960000 0.544615 0.960000 0.546154 0.962400 0.546154 0.963200 0.544615 0.964800 0.544615 0.965600 0.546154 0.965600 0.547692 0.966400 0.549231 0.966400 0.550769 0.964000 0.555385 0.961600 0.555385 0.961600 0.560000 0.960800 0.561538 0.960800 0.566154 0.960000 0.567692 0.960000 0.570769 0.960800 0.572308 0.960800 0.575385 0.959200 0.578462 0.958400 0.576923 0.956800 0.576923 0.956000 0.578462 0.955200 0.578462 0.954400 0.580000 0.953600 0.580000 0.953600 0.583077 0.954400 0.584615 0.953600 0.586154 0.952800 0.586154 0.952800 0.589231 0.956000 0.589231 0.956800 0.590769 0.956000 0.592308 0.954400 0.592308 0.954400 0.595385 0.956000 0.595385 0.956800 0.596923 0.956000 0.598462 0.956000 0.601538 0.958400 0.601538 0.959200 0.603077 0.959200 0.606154 0.961600 0.606154 0.963200 0.603077 0.966400 0.603077 0.967200 0.604615 0.967200 0.607692 0.965600 0.610769 0.965600 0.618462 0.967200 0.618462 0.968000 0.620000 0.968000 0.621538 0.968800 0.621538 0.970400 0.624615 0.970400 0.626154 0.973600 0.626154 0.973600 0.623077 0.974400 0.621538 0.976800 0.621538 0.977600 0.623077 0.977600 0.624615 0.979200 0.624615 0.980000 0.626154 0.980000 0.629231 0.980800 0.629231 0.981600 0.630769 0.981600 0.632308 0.982400 0.632308 0.983200 0.633846 0.984000 0.633846 0.985600 0.636923 0.990400 0.636923 0.991200 0.638462 0.991200 0.640000 0.992800 0.640000 0.993600 0.638462 0.994400 0.638462 0.995200 0.640000 0.995200 0.644615 0.994400 0.646154 0.992800 0.643077 0.991200 0.643077 0.990400 0.644615 0.989600 0.644615 0.989600 0.647692 0.990400 0.649231 0.988000 0.653846 0.987200 0.653846 0.987200 0.658462 0.988800 0.658462 0.989600 0.660000 0.996000 0.660000 0.996800 0.658462 0.997600 0.658462 0.997600 0.655385 0.998400 0.653846 0.999200 0.653846 0.999200 0.475385 0.998400 0.473846 0.998400 0.472308 0.999200 0.470769 0.999200 0.350769 0.990400 0.350769 0.988000 0.355385 0.988000 0.360000 0.990400 0.364615 0.990400 0.367692 0.992800 0.367692 0.994400 0.370769 0.994400 0.373846 0.993600 0.375385 0.991200 0.375385 0.990400 0.373846 0.987200 0.373846 0.986400 0.375385 0.984800 0.375385 0.984800 0.383077 0.985600 0.384615 0.984800 0.386154 0.981600 0.386154 0.980000 0.383077 0.978400 0.383077 0.978400 0.384615 0.977600 0.386154 0.976000 0.383077 0.973600 0.383077 0.973600 0.390769 0.972800 0.392308 0.971200 0.392308 0.971200 0.393846 0.970400 0.395385 0.970400 0.396923 0.969600 0.398462 0.968000 0.398462 0.967200 0.400000 0.966400 0.400000 0.966400 0.403077 0.965600 0.404615 0.964000 0.401538 0.964000 0.395385 0.962400 0.395385 0.961600 0.396923 0.960800 0.396923 0.960000 0.395385 0.960000 0.389231 0.959200 0.387692 0.959200 0.383077 0.958400 0.381538 0.954400 0.381538 0.953600 0.383077 0.952800 0.381538 0.952800 0.380000 0.952000 0.378462 0.952000 0.376923 0.952800 0.375385 0.952800 0.370769 0.952000 0.369231 0.950400 0.369231 0.950400 0.370769 0.948800 0.373846 0.947200 0.370769 0.946400 0.370769 0.945600 0.369231 0.945600 0.367692 0.944000 0.367692 0.943200 0.369231 0.942400 0.369231 0.940800 0.366154 0.940800 0.364615 0.940000 0.363077 0.940000 0.360000 0.939200 0.358462 0.940000 0.356923 0.940000 0.353846 0.939200 0.352308 0.936800 0.352308 0.936000 0.350769 0.934400 0.350769 0.933600 0.352308 0.932800 0.350769 0.932000 0.350769 0.931200 0.349231 0.929600 0.349231 0.928800 0.350769 0.928000 0.350769 0.927200 0.349231 0.927200 0.347692
1 0.189600 0.327692 0.189600 0.330769 0.188800 0.332308 0.188000 0.332308 0.185600 0.336923 0.184800 0.336923 0.184000 0.338462 0.181600 0.338462 0.180800 0.336923 0.180800 0.333846 0.180000 0.332308 0.177600 0.332308 0.177600 0.335385 0.176800 0.336923 0.176000 0.336923 0.175200 0.338462 0.174400 0.338462 0.174400 0.341538 0.173600 0.343077 0.173600 0.344615 0.171200 0.349231 0.169600 0.349231 0.168800 0.350769 0.168000 0.350769 0.167200 0.349231 0.167200 0.347692 0.166400 0.347692 0.165600 0.346154 0.164800 0.346154 0.163200 0.343077 0.161600 0.343077 0.160800 0.344615 0.160000 0.344615 0.159200 0.346154 0.158400 0.346154 0.157600 0.347692 0.156800 0.346154 0.155200 0.346154 0.155200 0.352308 0.156000 0.353846 0.156800 0.353846 0.157600 0.355385 0.157600 0.356923 0.156800 0.358462 0.156000 0.358462 0.155200 0.360000 0.154400 0.360000 0.154400 0.363077 0.153600 0.364615 0.153600 0.370769 0.152000 0.373846 0.152000 0.383077 0.151200 0.384615 0.149600 0.384615 0.149600 0.387692 0.150400 0.389231 0.149600 0.390769 0.149600 0.393846 0.152000 0.393846 0.152800 0.392308 0.153600 0.393846 0.153600 0.395385 0.155200 0.395385 0.156000 0.396923 0.156000 0.398462 0.157600 0.401538 0.156800 0.403077 0.156800 0.407692 0.156000 0.409231 0.155200 0.407692 0.155200 0.406154 0.154400 0.404615 0.152800 0.404615 0.152000 0.403077 0.152000 0.401538 0.149600 0.401538 0.148800 0.403077 0.148000 0.403077 0.147200 0.404615 0.146400 0.404615 0.146400 0.409231 0.147200 0.409231 0.148000 0.410769 0.148000 0.420000 0.149600 0.420000 0.149600 0.416923 0.150400 0.415385 0.151200 0.416923 0.151200 0.423077 0.152000 0.424615 0.153600 0.424615 0.155200 0.427692 0.155200 0.433846 0.156000 0.433846 0.156800 0.435385 0.156000 0.436923 0.155200 0.436923 0.155200 0.440000 0.156000 0.441538 0.156000 0.443077 0.156800 0.444615 0.156800 0.446154 0.158400 0.446154 0.158400 0.443077 0.159200 0.441538 0.159200 0.440000 0.160000 0.438462 0.160800 0.438462 0.160800 0.436923 0.161600 0.435385 0.162400 0.435385 0.162400 0.433846 0.164000 0.430769 0.164000 0.429231 0.164800 0.427692 0.165600 0.429231 0.165600 0.430769 0.166400 0.432308 0.168800 0.432308 0.168800 0.430769 0.169600 0.429231 0.171200 0.429231 0.171200 0.426154 0.170400 0.424615 0.171200 0.423077 0.172000 0.423077 0.172800 0.424615 0.173600 0.424615 0.174400 0.426154 0.174400 0.427692 0.173600 0.429231 0.173600 0.432308 0.174400 0.433846 0.174400 0.438462 0.173600 0.440000 0.173600 0.443077 0.174400 0.443077 0.175200 0.444615 0.176800 0.444615 0.176800 0.443077 0.177600 0.441538 0.178400 0.441538 0.178400 0.438462 0.179200 0.436923 0.180000 0.438462 0.180800 0.438462 0.181600 0.440000 0.181600 0.441538 0.182400 0.443077 0.182400 0.447692 0.183200 0.449231 0.183200 0.450769 0.184000 0.452308 0.184000 0.453846 0.186400 0.458462 0.186400 0.460000 0.187200 0.460000 0.188000 0.461538 0.186400 0.464615 0.186400 0.467692 0.187200 0.467692 0.188000 0.469231 0.189600 0.469231 0.190400 0.467692 0.192000 0.467692 0.192800 0.469231 0.192800 0.472308 0.193600 0.473846 0.192800 0.475385 0.192800 0.478462 0.193600 0.478462 0.195200 0.481538 0.196000 0.481538 0.198400 0.486154 0.198400 0.487692 0.199200 0.489231 0.200000 0.489231 0.200800 0.490769 0.202400 0.490769 0.202400 0.489231 0.203200 0.487692 0.204000 0.487692 0.204800 0.489231 0.206400 0.489231 0.207200 0.490769 0.208800 0.490769 0.208800 0.487692 0.209600 0.486154 0.209600 0.483077 0.208000 0.483077 0.207200 0.481538 0.208000 0.480000 0.208000 0.476923 0.205600 0.472308 0.207200 0.469231 0.208000 0.470769 0.209600 0.470769 0.209600 0.469231 0.210400 0.467692 0.212800 0.467692 0.215200 0.463077 0.216000 0.463077 0.217600 0.466154 0.219200 0.466154 0.219200 0.463077 0.220000 0.461538 0.220800 0.463077 0.223200 0.463077 0.224000 0.461538 0.225600 0.461538 0.226400 0.460000 0.226400 0.456923 0.225600 0.455385 0.224800 0.455385 0.223200 0.452308 0.221600 0.452308 0.220800 0.453846 0.220000 0.453846 0.219200 0.452308 0.219200 0.450769 0.220800 0.447692 0.220800 0.443077 0.219200 0.443077 0.218400 0.444615 0.216800 0.441538 0.218400 0.438462 0.219200 0.438462 0.220000 0.440000 0.221600 0.440000 0.222400 0.438462 0.222400 0.435385 0.223200 0.433846 0.224800 0.433846 0.225600 0.435385 0.225600 0.436923 0.227200 0.436923 0.228000 0.435385 0.230400 0.435385 0.231200 0.433846 0.231200 0.430769 0.230400 0.429231 0.230400 0.427692 0.229600 0.427692 0.228800 0.426154 0.228800 0.421538 0.228000 0.420000 0.228000 0.418462 0.225600 0.418462 0.222400 0.412308 0.222400 0.406154 0.223200 0.404615 0.223200 0.403077 0.224000 0.401538 0.224800 0.403077 0.227200 0.403077 0.227200 0.398462 0.228800 0.395385 0.228800 0.392308 0.228000 0.390769 0.227200 0.390769 0.224800 0.386154 0.224000 0.386154 0.223200 0.384615 0.223200 0.381538 0.222400 0.380000 0.220800 0.380000 0.220000 0.381538 0.218400 0.381538 0.217600 0.383077 0.216800 0.381538 0.212800 0.381538 0.212000 0.380000 0.209600 0.380000 0.208800 0.381538 0.208800 0.383077 0.208000 0.384615 0.207200 0.384615 0.206400 0.383077 0.206400 0.380000 0.203200 0.380000 0.202400 0.381538 0.201600 0.381538 0.200800 0.383077 0.200800 0.386154 0.201600 0.386154 0.202400 0.387692 0.202400 0.389231 0.203200 0.390769 0.202400 0.392308 0.202400 0.398462 0.204000 0.398462 0.204800 0.396923 0.205600 0.398462 0.207200 0.398462 0.208000 0.400000 0.208000 0.401538 0.209600 0.401538 0.210400 0.400000 0.212000 0.400000 0.212800 0.401538 0.211200 0.404615 0.211200 0.406154 0.209600 0.409231 0.206400 0.409231 0.205600 0.410769 0.204800 0.410769 0.204800 0.415385 0.207200 0.420000 0.204000 0.426154 0.202400 0.426154 0.201600 0.427692 0.201600 0.429231 0.200800 0.430769 0.199200 0.430769 0.196800 0.426154 0.196800 0.423077 0.195200 0.423077 0.194400 0.424615 0.193600 0.423077 0.193600 0.416923 0.192800 0.415385 0.192800 0.413846 0.192000 0.412308 0.192800 0.410769 0.193600 0.410769 0.193600 0.404615 0.192000 0.401538 0.190400 0.401538 0.189600 0.403077 0.188000 0.403077 0.187200 0.401538 0.187200 0.400000 0.185600 0.400000 0.184800 0.398462 0.185600 0.396923 0.186400 0.396923 0.186400 0.393846 0.185600 0.392308 0.185600 0.390769 0.184000 0.390769 0.183200 0.389231 0.183200 0.386154 0.184000 0.384615 0.184000 0.375385 0.180000 0.375385 0.179200 0.373846 0.181600 0.369231 0.181600 0.367692 0.183200 0.364615 0.183200 0.360000 0.184800 0.356923 0.186400 0.356923 0.187200 0.355385 0.188000 0.356923 0.190400 0.356923 0.190400 0.344615 0.192000 0.341538 0.192000 0.335385 0.192800 0.333846 0.192800 0.329231 0.192000 0.327692
1 0.128800 0.203077 0.128800 0.207692 0.126400 0.212308 0.124800 0.212308 0.124000 0.210769 0.124000 0.204615 0.122400 0.204615 0.121600 0.206154 0.120800 0.206154 0.120000 0.207692 0.118400 0.207692 0.117600 0.209231 0.116800 0.209231 0.116800 0.213846 0.120800 0.213846 0.121600 0.215385 0.121600 0.216923 0.120800 0.218462 0.119200 0.218462 0.118400 0.220000 0.116800 0.220000 0.116800 0.221538 0.116000 0.223077 0.114400 0.223077 0.113600 0.224615 0.112000 0.224615 0.111200 0.223077 0.109600 0.223077 0.108000 0.226154 0.105600 0.226154 0.105600 0.227692 0.104000 0.230769 0.103200 0.230769 0.103200 0.233846 0.101600 0.236923 0.100000 0.236923 0.100000 0.240000 0.097600 0.244615 0.097600 0.247692 0.098400 0.247692 0.099200 0.249231 0.099200 0.253846 0.100000 0.255385 0.101600 0.255385 0.103200 0.252308 0.104000 0.253846 0.105600 0.253846 0.107200 0.250769 0.108800 0.250769 0.108800 0.249231 0.110400 0.246154 0.111200 0.247692 0.112000 0.247692 0.113600 0.250769 0.113600 0.255385 0.112800 0.256923 0.112800 0.260000 0.112000 0.261538 0.109600 0.261538 0.108800 0.263077 0.108000 0.263077 0.108000 0.270769 0.108800 0.270769 0.109600 0.272308 0.109600 0.273846 0.112000 0.273846 0.112800 0.272308 0.113600 0.273846 0.114400 0.273846 0.115200 0.275385 0.115200 0.280000 0.116800 0.283077 0.120800 0.283077 0.122400 0.280000 0.126400 0.280000 0.126400 0.276923 0.125600 0.276923 0.124800 0.275385 0.123200 0.275385 0.122400 0.273846 0.123200 0.272308 0.124000 0.272308 0.124800 0.270769 0.125600 0.272308 0.127200 0.272308 0.128000 0.270769 0.135200 0.270769 0.136000 0.272308 0.137600 0.272308 0.138400 0.273846 0.139200 0.273846 0.140000 0.275385 0.140000 0.278462 0.141600 0.278462 0.142400 0.280000 0.142400 0.281538 0.144000 0.281538 0.144800 0.280000 0.144800 0.275385 0.145600 0.273846 0.146400 0.275385 0.146400 0.278462 0.148000 0.278462 0.148000 0.267692 0.148800 0.266154 0.149600 0.266154 0.150400 0.264615 0.151200 0.264615 0.152000 0.263077 0.152000 0.258462 0.151200 0.256923 0.152800 0.253846 0.152800 0.250769 0.152000 0.249231 0.152800 0.247692 0.152800 0.244615 0.149600 0.244615 0.148800 0.246154 0.148000 0.244615 0.143200 0.244615 0.141600 0.241538 0.141600 0.240000 0.142400 0.238462 0.142400 0.230769 0.143200 0.229231 0.143200 0.224615 0.141600 0.224615 0.140800 0.223077 0.140800 0.221538 0.139200 0.221538 0.138400 0.220000 0.138400 0.215385 0.137600 0.215385 0.136800 0.213846 0.135200 0.213846 0.133600 0.216923 0.131200 0.216923 0.130400 0.215385 0.131200 0.213846 0.131200 0.203077
1 0.303200 0.187692 0.303200 0.189231 0.301600 0.192308 0.300800 0.190769 0.299200 0.190769 0.298400 0.192308 0.298400 0.198462 0.296800 0.201538 0.296000 0.201538 0.296000 0.206154 0.296800 0.207692 0.296000 0.209231 0.296000 0.213846 0.296800 0.213846 0.298400 0.216923 0.298400 0.218462 0.301600 0.218462 0.304000 0.213846 0.304000 0.210769 0.305600 0.207692 0.306400 0.209231 0.306400 0.210769 0.307200 0.212308 0.307200 0.213846 0.308800 0.213846 0.309600 0.215385 0.311200 0.215385 0.311200 0.213846 0.312800 0.210769 0.313600 0.210769 0.314400 0.209231 0.314400 0.206154 0.312800 0.206154 0.312000 0.204615 0.311200 0.204615 0.310400 0.203077 0.310400 0.200000 0.311200 0.198462 0.312000 0.198462 0.313600 0.195385 0.313600 0.190769 0.312800 0.189231 0.311200 0.189231 0.310400 0.190769 0.307200 0.190769 0.305600 0.187692
1 0.032000 0.186154 0.031200 0.187692 0.030400 0.187692 0.029600 0.189231 0.025600 0.189231 0.025600 0.190769 0.024800 0.192308 0.023200 0.192308 0.022400 0.193846 0.016800 0.193846 0.016000 0.192308 0.014400 0.192308 0.014400 0.196923 0.015200 0.198462 0.014400 0.200000 0.012800 0.200000 0.012000 0.198462 0.009600 0.198462 0.008800 0.200000 0.004800 0.200000 0.004800 0.201538 0.004000 0.203077 0.004000 0.204615 0.003200 0.206154 0.003200 0.215385 0.004000 0.215385 0.005600 0.218462 0.005600 0.220000 0.006400 0.220000 0.007200 0.221538 0.009600 0.221538 0.011200 0.218462 0.012000 0.218462 0.013600 0.221538 0.017600 0.221538 0.018400 0.223077 0.018400 0.224615 0.016800 0.227692 0.016800 0.235385 0.019200 0.235385 0.020000 0.236923 0.021600 0.236923 0.021600 0.235385 0.022400 0.233846 0.023200 0.233846 0.023200 0.232308 0.024000 0.230769 0.024800 0.230769 0.024800 0.229231 0.025600 0.227692 0.030400 0.227692 0.032000 0.224615 0.032000 0.223077 0.032800 0.221538 0.033600 0.223077 0.034400 0.223077 0.035200 0.224615 0.040800 0.224615 0.043200 0.220000 0.043200 0.210769 0.042400 0.209231 0.044000 0.206154 0.045600 0.209231 0.045600 0.210769 0.046400 0.212308 0.048000 0.212308 0.048800 0.210769 0.048800 0.207692 0.048000 0.206154 0.048000 0.203077 0.048800 0.201538 0.048800 0.195385 0.048000 0.195385 0.047200 0.193846 0.047200 0.192308 0.045600 0.192308 0.044000 0.195385 0.043200 0.195385 0.043200 0.198462 0.042400 0.200000 0.042400 0.201538 0.041600 0.203077 0.040000 0.200000 0.040000 0.196923 0.038400 0.196923 0.037600 0.195385 0.037600 0.190769 0.036800 0.190769 0.034400 0.186154
1 0.241600 0.000000 0.240800 0.001538 0.240800 0.007692 0.241600 0.009231 0.240800 0.010769 0.240000 0.010769 0.239200 0.009231 0.239200 0.007692 0.236000 0.007692 0.236000 0.009231 0.235200 0.010769 0.233600 0.010769 0.232800 0.012308 0.232000 0.012308 0.232000 0.013846 0.230400 0.016923 0.230400 0.020000 0.229600 0.021538 0.227200 0.021538 0.226400 0.023077 0.226400 0.024615 0.224800 0.027692 0.223200 0.027692 0.221600 0.030769 0.221600 0.036923 0.222400 0.036923 0.224000 0.040000 0.224800 0.040000 0.225600 0.041538 0.225600 0.043077 0.227200 0.046154 0.227200 0.047692 0.228800 0.047692 0.229600 0.049231 0.229600 0.050769 0.230400 0.052308 0.231200 0.052308 0.232000 0.053846 0.231200 0.055385 0.230400 0.055385 0.230400 0.058462 0.231200 0.060000 0.231200 0.061538 0.232800 0.061538 0.233600 0.060000 0.234400 0.061538 0.234400 0.063077 0.235200 0.063077 0.236800 0.066154 0.237600 0.066154 0.238400 0.067692 0.238400 0.069231 0.240000 0.069231 0.240000 0.066154 0.240800 0.064615 0.240800 0.063077 0.241600 0.061538 0.242400 0.063077 0.242400 0.064615 0.244800 0.064615 0.245600 0.063077 0.246400 0.064615 0.248000 0.064615 0.249600 0.061538 0.250400 0.061538 0.251200 0.060000 0.251200 0.056923 0.250400 0.055385 0.250400 0.053846 0.248800 0.053846 0.248000 0.055385 0.247200 0.053846 0.247200 0.049231 0.244000 0.049231 0.242400 0.046154 0.244000 0.043077 0.244000 0.041538 0.245600 0.038462 0.246400 0.038462 0.248000 0.041538 0.248000 0.043077 0.248800 0.044615 0.249600 0.044615 0.250400 0.046154 0.252000 0.046154 0.252000 0.044615 0.252800 0.043077 0.253600 0.043077 0.256000 0.038462 0.256000 0.035385 0.255200 0.033846 0.255200 0.032308 0.256000 0.030769 0.260000 0.030769 0.260800 0.029231 0.262400 0.029231 0.263200 0.030769 0.263200 0.033846 0.264800 0.033846 0.266400 0.036923 0.266400 0.038462 0.268000 0.038462 0.268800 0.040000 0.268800 0.041538 0.270400 0.041538 0.271200 0.040000 0.272800 0.043077 0.274400 0.043077 0.275200 0.041538 0.282400 0.041538 0.283200 0.043077 0.283200 0.044615 0.284000 0.044615 0.285600 0.047692 0.285600 0.049231 0.286400 0.049231 0.287200 0.050769 0.287200 0.052308 0.285600 0.055385 0.284000 0.052308 0.276800 0.052308 0.276800 0.053846 0.276000 0.055385 0.274400 0.055385 0.274400 0.056923 0.272800 0.060000 0.269600 0.060000 0.268800 0.061538 0.268800 0.063077 0.267200 0.066154 0.265600 0.066154 0.265600 0.067692 0.264800 0.069231 0.263200 0.069231 0.263200 0.075385 0.264800 0.078462 0.268800 0.078462 0.269600 0.080000 0.269600 0.081538 0.271200 0.084615 0.273600 0.084615 0.274400 0.086154 0.279200 0.086154 0.280000 0.087692 0.281600 0.087692 0.282400 0.086154 0.284000 0.086154 0.284800 0.087692 0.284800 0.089231 0.284000 0.090769 0.283200 0.090769 0.283200 0.095385 0.282400 0.096923 0.280800 0.096923 0.280800 0.100000 0.283200 0.104615 0.284800 0.104615 0.285600 0.106154 0.285600 0.110769 0.286400 0.112308 0.286400 0.118462 0.288000 0.121538 0.288000 0.123077 0.289600 0.123077 0.291200 0.120000 0.292000 0.120000 0.295200 0.113846 0.295200 0.112308 0.296800 0.109231 0.297600 0.109231 0.297600 0.101538 0.296800 0.100000 0.295200 0.100000 0.294400 0.101538 0.293600 0.101538 0.292800 0.100000 0.292800 0.095385 0.292000 0.093846 0.292000 0.090769 0.293600 0.087692 0.293600 0.084615 0.291200 0.084615 0.290400 0.083077 0.291200 0.081538 0.292800 0.081538 0.293600 0.080000 0.293600 0.078462 0.294400 0.076923 0.295200 0.076923 0.295200 0.073846 0.296000 0.072308 0.297600 0.072308 0.298400 0.070769 0.299200 0.070769 0.299200 0.067692 0.300800 0.064615 0.302400 0.064615 0.303200 0.063077 0.304000 0.063077 0.304800 0.061538 0.307200 0.061538 0.307200 0.058462 0.308000 0.056923 0.308800 0.056923 0.308800 0.053846 0.308000 0.052308 0.305600 0.052308 0.304000 0.049231 0.304800 0.047692 0.304800 0.046154 0.305600 0.044615 0.306400 0.044615 0.307200 0.043077 0.308000 0.043077 0.311200 0.036923 0.311200 0.033846 0.310400 0.033846 0.308000 0.029231 0.305600 0.029231 0.303200 0.024615 0.300800 0.024615 0.300000 0.023077 0.300000 0.021538 0.299200 0.020000 0.300000 0.018462 0.300800 0.018462 0.301600 0.016923 0.302400 0.016923 0.302400 0.012308 0.303200 0.010769 0.304800 0.010769 0.304800 0.007692 0.303200 0.004615 0.301600 0.004615 0.300800 0.006154 0.298400 0.006154 0.297600 0.004615 0.298400 0.003077 0.298400 0.000000
1 0.096800 0.000000 0.097600 0.001538 0.099200 0.001538 0.100000 0.003077 0.100000 0.004615 0.101600 0.004615 0.102400 0.006154 0.102400 0.009231 0.103200 0.009231 0.104000 0.010769 0.103200 0.012308 0.102400 0.012308 0.102400 0.015385 0.101600 0.016923 0.100000 0.016923 0.099200 0.018462 0.098400 0.018462 0.097600 0.020000 0.094400 0.020000 0.093600 0.021538 0.092000 0.021538 0.091200 0.023077 0.091200 0.024615 0.090400 0.026154 0.090400 0.041538 0.089600 0.043077 0.088800 0.043077 0.088800 0.049231 0.089600 0.050769 0.089600 0.052308 0.090400 0.053846 0.090400 0.056923 0.092000 0.056923 0.092000 0.053846 0.093600 0.050769 0.094400 0.050769 0.095200 0.052308 0.095200 0.053846 0.094400 0.055385 0.094400 0.058462 0.092800 0.061538 0.092800 0.064615 0.093600 0.066154 0.094400 0.066154 0.095200 0.067692 0.096800 0.067692 0.098400 0.070769 0.099200 0.070769 0.100000 0.072308 0.100000 0.078462 0.100800 0.078462 0.101600 0.080000 0.101600 0.081538 0.102400 0.083077 0.102400 0.084615 0.104000 0.084615 0.104800 0.083077 0.107200 0.083077 0.108800 0.086154 0.110400 0.086154 0.110400 0.081538 0.111200 0.080000 0.112800 0.080000 0.113600 0.081538 0.113600 0.083077 0.114400 0.084615 0.114400 0.087692 0.115200 0.089231 0.115200 0.092308 0.117600 0.096923 0.117600 0.098462 0.116800 0.100000 0.115200 0.100000 0.115200 0.103077 0.116000 0.104615 0.117600 0.104615 0.118400 0.106154 0.118400 0.107692 0.120800 0.107692 0.120800 0.095385 0.119200 0.092308 0.120000 0.090769 0.120800 0.090769 0.120800 0.089231 0.121600 0.087692 0.124800 0.087692 0.124800 0.083077 0.124000 0.081538 0.124000 0.078462 0.122400 0.078462 0.121600 0.076923 0.121600 0.073846 0.120000 0.073846 0.119200 0.075385 0.117600 0.075385 0.116800 0.073846 0.116800 0.072308 0.117600 0.070769 0.117600 0.067692 0.116800 0.066154 0.120000 0.060000 0.121600 0.060000 0.121600 0.058462 0.122400 0.056923 0.124000 0.056923 0.124800 0.058462 0.124800 0.064615 0.125600 0.066154 0.127200 0.066154 0.128800 0.069231 0.129600 0.069231 0.131200 0.072308 0.132800 0.072308 0.132800 0.067692 0.132000 0.066154 0.132000 0.060000 0.132800 0.058462 0.133600 0.060000 0.136000 0.060000 0.136800 0.061538 0.136800 0.063077 0.136000 0.064615 0.136000 0.069231 0.136800 0.070769 0.136000 0.072308 0.136000 0.076923 0.137600 0.076923 0.138400 0.075385 0.138400 0.073846 0.139200 0.072308 0.140000 0.073846 0.141600 0.073846 0.142400 0.072308 0.143200 0.072308 0.143200 0.069231 0.144800 0.066154 0.145600 0.066154 0.147200 0.063077 0.148000 0.063077 0.148000 0.060000 0.149600 0.056923 0.150400 0.056923 0.150400 0.052308 0.149600 0.052308 0.148800 0.050769 0.147200 0.050769 0.146400 0.052308 0.145600 0.050769 0.144800 0.050769 0.144000 0.049231 0.144800 0.047692 0.144800 0.043077 0.144000 0.041538 0.144800 0.040000 0.149600 0.040000 0.149600 0.036923 0.148800 0.035385 0.148800 0.030769 0.149600 0.029231 0.149600 0.026154 0.150400 0.024615 0.151200 0.024615 0.151200 0.020000 0.152000 0.018462 0.152000 0.013846 0.152800 0.012308 0.154400 0.012308 0.154400 0.009231 0.155200 0.007692 0.155200 0.003077 0.156800 0.000000 0.114400 0.000000 0.113600 0.001538 0.112800 0.001538 0.112000 0.003077 0.111200 0.001538 0.111200 0.000000
