0 0.400800 0.801538 0.400800 0.803077 0.400000 0.804615 0.399200 0.804615 0.399200 0.806154 0.398400 0.807692 0.398400 0.812308 0.397600 0.813846 0.396000 0.813846 0.396000 0.816923 0.396800 0.818462 0.394400 0.823077 0.394400 0.826154 0.393600 0.827692 0.392800 0.827692 0.392800 0.829231 0.392000 0.830769 0.392000 0.838462 0.392800 0.840000 0.394400 0.840000 0.395200 0.838462 0.396000 0.838462 0.396000 0.832308 0.396800 0.830769 0.398400 0.830769 0.398400 0.821538 0.400000 0.818462 0.400000 0.816923 0.400800 0.815385 0.400800 0.813846 0.401600 0.812308 0.401600 0.810769 0.402400 0.809231 0.402400 0.801538
0 0.399200 0.772308 0.399200 0.775385 0.398400 0.776923 0.398400 0.780000 0.399200 0.781538 0.399200 0.783077 0.400000 0.783077 0.400800 0.784615 0.400800 0.787692 0.401600 0.787692 0.402400 0.789231 0.404000 0.789231 0.404000 0.786154 0.404800 0.784615 0.404800 0.780000 0.403200 0.780000 0.402400 0.778462 0.402400 0.772308
0 0.401600 0.733846 0.401600 0.736923 0.402400 0.738462 0.402400 0.741538 0.401600 0.743077 0.400000 0.743077 0.400000 0.747692 0.400800 0.749231 0.400800 0.750769 0.403200 0.750769 0.404000 0.749231 0.404000 0.747692 0.404800 0.746154 0.404800 0.744615 0.405600 0.743077 0.406400 0.743077 0.407200 0.741538 0.408800 0.741538 0.408800 0.735385 0.407200 0.735385 0.406400 0.736923 0.404800 0.733846
0 0.409600 0.695385 0.409600 0.700000 0.408800 0.701538 0.408000 0.701538 0.408000 0.704615 0.409600 0.707692 0.409600 0.709231 0.415200 0.709231 0.415200 0.703077 0.413600 0.703077 0.412000 0.700000 0.412800 0.698462 0.412800 0.695385
0 0.420000 0.687692 0.419200 0.689231 0.419200 0.693846 0.420000 0.695385 0.421600 0.695385 0.421600 0.692308 0.422400 0.690769 0.422400 0.687692
0 0.425600 0.569231 0.424800 0.570769 0.424000 0.570769 0.423200 0.572308 0.423200 0.575385 0.422400 0.576923 0.422400 0.583077 0.421600 0.584615 0.419200 0.584615 0.419200 0.598462 0.418400 0.600000 0.417600 0.600000 0.417600 0.603077 0.418400 0.603077 0.419200 0.604615 0.419200 0.606154 0.418400 0.607692 0.417600 0.607692 0.417600 0.609231 0.416800 0.610769 0.416800 0.615385 0.417600 0.616923 0.417600 0.621538 0.420000 0.621538 0.420000 0.616923 0.420800 0.615385 0.420800 0.607692 0.422400 0.604615 0.423200 0.604615 0.423200 0.603077 0.424000 0.601538 0.424800 0.601538 0.424800 0.590769 0.426400 0.587692 0.427200 0.587692 0.428800 0.584615 0.428800 0.580000 0.426400 0.580000 0.425600 0.578462 0.425600 0.575385 0.426400 0.573846 0.427200 0.573846 0.428000 0.575385 0.431200 0.575385 0.431200 0.572308 0.430400 0.570769 0.430400 0.569231
0 0.431200 0.520000 0.431200 0.524615 0.430400 0.526154 0.430400 0.533846 0.432000 0.533846 0.432800 0.532308 0.432800 0.529231 0.433600 0.527692 0.434400 0.527692 0.434400 0.523077 0.433600 0.523077 0.432800 0.521538 0.432800 0.520000
0 0.428000 0.476923 0.427200 0.478462 0.427200 0.481538 0.428000 0.483077 0.428800 0.483077 0.429600 0.484615 0.429600 0.486154 0.428800 0.487692 0.428000 0.487692 0.428000 0.490769 0.428800 0.492308 0.428000 0.493846 0.428000 0.498462 0.428800 0.500000 0.428800 0.501538 0.428000 0.503077 0.428000 0.506154 0.429600 0.509231 0.429600 0.513846 0.430400 0.515385 0.432000 0.515385 0.432000 0.512308 0.432800 0.510769 0.432800 0.507692 0.432000 0.506154 0.432000 0.501538 0.432800 0.500000 0.433600 0.501538 0.436000 0.501538 0.436000 0.498462 0.434400 0.495385 0.434400 0.492308 0.433600 0.490769 0.433600 0.486154 0.432800 0.484615 0.432800 0.483077 0.432000 0.481538 0.432000 0.480000 0.431200 0.478462 0.431200 0.476923
0 0.445600 0.440000 0.445600 0.447692 0.444800 0.449231 0.441600 0.449231 0.440800 0.450769 0.437600 0.450769 0.437600 0.453846 0.436800 0.455385 0.435200 0.455385 0.435200 0.456923 0.433600 0.460000 0.433600 0.461538 0.432800 0.463077 0.432800 0.466154 0.436000 0.466154 0.436800 0.467692 0.439200 0.467692 0.439200 0.466154 0.440000 0.464615 0.441600 0.464615 0.443200 0.461538 0.448800 0.461538 0.448800 0.456923 0.448000 0.455385 0.448000 0.452308 0.448800 0.450769 0.448800 0.449231 0.449600 0.447692 0.449600 0.443077 0.448000 0.443077 0.447200 0.441538 0.447200 0.440000
0 0.457600 0.423077 0.456800 0.424615 0.456800 0.429231 0.456000 0.430769 0.456000 0.432308 0.455200 0.433846 0.453600 0.433846 0.453600 0.438462 0.458400 0.438462 0.460000 0.435385 0.460800 0.435385 0.460800 0.433846 0.461600 0.432308 0.467200 0.432308 0.467200 0.427692 0.466400 0.426154 0.465600 0.426154 0.464800 0.424615 0.460800 0.424615 0.460000 0.426154 0.459200 0.424615 0.459200 0.423077
0 0.487200 0.376923 0.486400 0.378462 0.483200 0.378462 0.483200 0.383077 0.484000 0.383077 0.484800 0.384615 0.484800 0.387692 0.486400 0.390769 0.484800 0.393846 0.484800 0.396923 0.485600 0.398462 0.484800 0.400000 0.484800 0.401538 0.484000 0.403077 0.480000 0.403077 0.478400 0.406154 0.477600 0.406154 0.477600 0.409231 0.478400 0.410769 0.478400 0.412308 0.479200 0.413846 0.492800 0.413846 0.493600 0.412308 0.493600 0.410769 0.495200 0.407692 0.496000 0.407692 0.496000 0.406154 0.497600 0.403077 0.497600 0.401538 0.498400 0.400000 0.499200 0.401538 0.501600 0.401538 0.502400 0.400000 0.503200 0.400000 0.503200 0.396923 0.502400 0.396923 0.500800 0.393846 0.500800 0.390769 0.500000 0.389231 0.499200 0.389231 0.498400 0.387692 0.498400 0.383077 0.496000 0.383077 0.495200 0.384615 0.494400 0.383077 0.494400 0.380000 0.493600 0.380000 0.492800 0.378462 0.492800 0.376923 0.491200 0.376923 0.490400 0.378462 0.489600 0.378462 0.488800 0.376923
0 0.517600 0.040000 0.516800 0.041538 0.516800 0.043077 0.516000 0.044615 0.516000 0.050769 0.516800 0.052308 0.516800 0.053846 0.517600 0.055385 0.515200 0.060000 0.515200 0.064615 0.514400 0.066154 0.513600 0.064615 0.512000 0.064615 0.511200 0.066154 0.511200 0.067692 0.510400 0.069231 0.510400 0.070769 0.509600 0.072308 0.508800 0.072308 0.508800 0.075385 0.508000 0.076923 0.507200 0.076923 0.507200 0.080000 0.508000 0.080000 0.508800 0.081538 0.508800 0.087692 0.510400 0.087692 0.511200 0.086154 0.512000 0.086154 0.512800 0.087692 0.513600 0.087692 0.514400 0.089231 0.514400 0.090769 0.512800 0.093846 0.512800 0.098462 0.512000 0.100000 0.511200 0.100000 0.511200 0.103077 0.512800 0.106154 0.512800 0.107692 0.514400 0.107692 0.514400 0.106154 0.515200 0.104615 0.515200 0.098462 0.516000 0.096923 0.516800 0.096923 0.517600 0.098462 0.517600 0.107692 0.518400 0.109231 0.518400 0.110769 0.520000 0.110769 0.521600 0.107692 0.523200 0.110769 0.522400 0.112308 0.521600 0.112308 0.521600 0.113846 0.520000 0.116923 0.519200 0.116923 0.518400 0.115385 0.516000 0.115385 0.516000 0.120000 0.515200 0.121538 0.514400 0.121538 0.513600 0.123077 0.511200 0.123077 0.510400 0.124615 0.510400 0.127692 0.511200 0.129231 0.512800 0.129231 0.513600 0.130769 0.513600 0.132308 0.516000 0.132308 0.516800 0.130769 0.517600 0.130769 0.518400 0.129231 0.519200 0.130769 0.520800 0.130769 0.521600 0.132308 0.521600 0.138462 0.520000 0.141538 0.517600 0.141538 0.517600 0.143077 0.516800 0.144615 0.516000 0.144615 0.515200 0.146154 0.514400 0.146154 0.514400 0.152308 0.515200 0.153846 0.515200 0.156923 0.516000 0.158462 0.516000 0.163077 0.515200 0.164615 0.514400 0.164615 0.513600 0.166154 0.512800 0.166154 0.512800 0.169231 0.512000 0.170769 0.511200 0.170769 0.510400 0.169231 0.509600 0.169231 0.508800 0.167692 0.507200 0.167692 0.507200 0.173846 0.506400 0.175385 0.506400 0.178462 0.507200 0.180000 0.507200 0.181538 0.506400 0.183077 0.506400 0.186154 0.507200 0.187692 0.508800 0.187692 0.510400 0.184615 0.511200 0.184615 0.512800 0.181538 0.512800 0.176923 0.513600 0.175385 0.515200 0.175385 0.516000 0.176923 0.516000 0.178462 0.516800 0.178462 0.517600 0.180000 0.517600 0.187692 0.520800 0.187692 0.521600 0.189231 0.520800 0.190769 0.520000 0.190769 0.520000 0.193846 0.519200 0.195385 0.519200 0.196923 0.518400 0.198462 0.518400 0.203077 0.517600 0.204615 0.516800 0.204615 0.516800 0.209231 0.516000 0.210769 0.515200 0.210769 0.515200 0.213846 0.514400 0.215385 0.514400 0.218462 0.515200 0.220000 0.518400 0.220000 0.519200 0.221538 0.519200 0.223077 0.520000 0.224615 0.520000 0.227692 0.519200 0.229231 0.518400 0.229231 0.517600 0.230769 0.517600 0.232308 0.516800 0.233846 0.516000 0.233846 0.515200 0.235385 0.512000 0.235385 0.512000 0.236923 0.511200 0.238462 0.511200 0.243077 0.510400 0.244615 0.510400 0.247692 0.509600 0.249231 0.509600 0.252308 0.510400 0.252308 0.511200 0.253846 0.515200 0.253846 0.516000 0.255385 0.516000 0.256923 0.516800 0.256923 0.517600 0.258462 0.520000 0.258462 0.520800 0.260000 0.520800 0.263077 0.522400 0.263077 0.522400 0.260000 0.523200 0.258462 0.524800 0.258462 0.525600 0.256923 0.526400 0.256923 0.527200 0.258462 0.527200 0.260000 0.525600 0.263077 0.525600 0.267692 0.526400 0.269231 0.526400 0.272308 0.527200 0.273846 0.527200 0.275385 0.526400 0.276923 0.526400 0.280000 0.527200 0.281538 0.527200 0.284615 0.526400 0.286154 0.525600 0.286154 0.525600 0.292308 0.524800 0.293846 0.524800 0.296923 0.524000 0.298462 0.523200 0.298462 0.523200 0.300000 0.522400 0.301538 0.522400 0.306154 0.521600 0.307692 0.521600 0.310769 0.522400 0.312308 0.522400 0.318462 0.524800 0.318462 0.525600 0.320000 0.526400 0.320000 0.527200 0.321538 0.526400 0.323077 0.526400 0.326154 0.528000 0.329231 0.527200 0.330769 0.527200 0.338462 0.526400 0.340000 0.526400 0.344615 0.527200 0.346154 0.527200 0.347692 0.526400 0.349231 0.526400 0.353846 0.527200 0.355385 0.526400 0.356923 0.526400 0.360000 0.525600 0.361538 0.523200 0.361538 0.522400 0.360000 0.519200 0.360000 0.518400 0.358462 0.518400 0.356923 0.516000 0.356923 0.516000 0.361538 0.516800 0.363077 0.516800 0.366154 0.515200 0.369231 0.514400 0.367692 0.512800 0.367692 0.512000 0.366154 0.508000 0.366154 0.507200 0.367692 0.504800 0.367692 0.504000 0.369231 0.504000 0.372308 0.504800 0.372308 0.505600 0.373846 0.505600 0.378462 0.504000 0.381538 0.502400 0.381538 0.501600 0.383077 0.501600 0.386154 0.502400 0.387692 0.502400 0.389231 0.504800 0.393846 0.506400 0.393846 0.506400 0.390769 0.507200 0.389231 0.507200 0.387692 0.508800 0.384615 0.509600 0.386154 0.509600 0.389231 0.512800 0.389231 0.514400 0.386154 0.515200 0.386154 0.515200 0.383077 0.516000 0.381538 0.517600 0.381538 0.518400 0.383077 0.520000 0.383077 0.520800 0.381538 0.522400 0.381538 0.522400 0.378462 0.523200 0.376923 0.524000 0.376923 0.524000 0.373846 0.523200 0.373846 0.522400 0.372308 0.522400 0.366154 0.523200 0.364615 0.524000 0.364615 0.524800 0.366154 0.524800 0.370769 0.526400 0.373846 0.526400 0.376923 0.531200 0.376923 0.532000 0.378462 0.533600 0.378462 0.533600 0.376923 0.534400 0.375385 0.535200 0.375385 0.535200 0.372308 0.536800 0.369231 0.536800 0.358462 0.535200 0.358462 0.535200 0.360000 0.534400 0.361538 0.533600 0.360000 0.533600 0.355385 0.532800 0.353846 0.532800 0.352308 0.534400 0.349231 0.534400 0.347692 0.536000 0.344615 0.536800 0.344615 0.538400 0.347692 0.538400 0.349231 0.540000 0.349231 0.540800 0.347692 0.540800 0.344615 0.540000 0.343077 0.540000 0.341538 0.540800 0.340000 0.543200 0.340000 0.543200 0.336923 0.542400 0.335385 0.542400 0.330769 0.540800 0.330769 0.540000 0.332308 0.539200 0.330769 0.539200 0.329231 0.538400 0.329231 0.537600 0.327692 0.536800 0.327692 0.536000 0.326154 0.536000 0.324615 0.536800 0.323077 0.537600 0.323077 0.537600 0.318462 0.535200 0.318462 0.534400 0.316923 0.535200 0.315385 0.535200 0.312308 0.536000 0.310769 0.536800 0.310769 0.537600 0.309231 0.541600 0.309231 0.541600 0.304615 0.540800 0.303077 0.540000 0.303077 0.538400 0.300000 0.537600 0.300000 0.536000 0.296923 0.536000 0.295385 0.535200 0.293846 0.535200 0.292308 0.534400 0.290769 0.535200 0.289231 0.536800 0.289231 0.536800 0.286154 0.536000 0.286154 0.535200 0.284615 0.535200 0.281538 0.536000 0.280000 0.536000 0.269231 0.536800 0.267692 0.537600 0.267692 0.538400 0.266154 0.539200 0.267692 0.540800 0.267692 0.540800 0.255385 0.540000 0.253846 0.538400 0.253846 0.537600 0.255385 0.536800 0.255385 0.536000 0.256923 0.536000 0.258462 0.535200 0.260000 0.533600 0.256923 0.533600 0.238462 0.532800 0.236923 0.532800 0.232308 0.534400 0.229231 0.535200 0.230769 0.536800 0.230769 0.536800 0.226154 0.536000 0.224615 0.536000 0.221538 0.535200 0.220000 0.535200 0.218462 0.534400 0.216923 0.534400 0.212308 0.533600 0.210769 0.533600 0.209231 0.534400 0.207692 0.535200 0.207692 0.536800 0.204615 0.536800 0.201538 0.535200 0.201538 0.534400 0.200000 0.534400 0.189231 0.535200 0.187692 0.536000 0.187692 0.536000 0.186154 0.536800 0.184615 0.536800 0.178462 0.536000 0.176923 0.534400 0.176923 0.533600 0.175385 0.534400 0.173846 0.534400 0.166154 0.533600 0.164615 0.533600 0.161538 0.534400 0.160000 0.534400 0.158462 0.535200 0.156923 0.535200 0.153846 0.534400 0.152308 0.533600 0.152308 0.532800 0.150769 0.532800 0.149231 0.533600 0.147692 0.533600 0.141538 0.532800 0.141538 0.532000 0.140000 0.532000 0.138462 0.532800 0.136923 0.533600 0.136923 0.533600 0.127692 0.532800 0.127692 0.532000 0.126154 0.532000 0.121538 0.532800 0.120000 0.535200 0.120000 0.535200 0.104615 0.533600 0.104615 0.532800 0.103077 0.532800 0.101538 0.531200 0.098462 0.531200 0.090769 0.532000 0.089231 0.532800 0.089231 0.532800 0.086154 0.532000 0.084615 0.532000 0.083077 0.528800 0.083077 0.528000 0.081538 0.528000 0.080000 0.527200 0.078462 0.526400 0.078462 0.525600 0.076923 0.525600 0.072308 0.524800 0.072308 0.524000 0.070769 0.524000 0.066154 0.523200 0.066154 0.522400 0.064615 0.522400 0.060000 0.523200 0.058462 0.526400 0.058462 0.526400 0.055385 0.525600 0.053846 0.527200 0.050769 0.528000 0.050769 0.528000 0.046154 0.526400 0.046154 0.525600 0.047692 0.524800 0.047692 0.524000 0.049231 0.523200 0.047692 0.523200 0.046154 0.522400 0.046154 0.521600 0.044615 0.521600 0.043077 0.520800 0.043077 0.519200 0.040000
1 0.128800 0.301538 0.128800 0.306154 0.129600 0.307692 0.129600 0.312308 0.128000 0.315385 0.128000 0.318462 0.128800 0.318462 0.129600 0.320000 0.129600 0.321538 0.130400 0.323077 0.132000 0.323077 0.132800 0.321538 0.133600 0.323077 0.133600 0.326154 0.135200 0.329231 0.137600 0.329231 0.138400 0.330769 0.138400 0.333846 0.139200 0.333846 0.140000 0.335385 0.140000 0.336923 0.141600 0.336923 0.142400 0.335385 0.143200 0.335385 0.144000 0.333846 0.144000 0.320000 0.142400 0.316923 0.143200 0.315385 0.143200 0.313846 0.144000 0.312308 0.144000 0.307692 0.141600 0.307692 0.140800 0.306154 0.138400 0.306154 0.137600 0.304615 0.137600 0.301538 0.135200 0.301538 0.134400 0.303077 0.133600 0.303077 0.132800 0.304615 0.132000 0.304615 0.131200 0.303077 0.131200 0.301538
1 0.132800 0.281538 0.132800 0.283077 0.132000 0.284615 0.132000 0.289231 0.132800 0.289231 0.133600 0.290769 0.133600 0.292308 0.134400 0.292308 0.136000 0.295385 0.138400 0.295385 0.139200 0.293846 0.140000 0.293846 0.140000 0.287692 0.138400 0.284615 0.135200 0.284615 0.134400 0.283077 0.134400 0.281538
1 0.071200 0.129231 0.070400 0.130769 0.070400 0.132308 0.067200 0.138462 0.067200 0.141538 0.068000 0.143077 0.069600 0.143077 0.070400 0.144615 0.070400 0.146154 0.071200 0.147692 0.069600 0.150769 0.069600 0.153846 0.068800 0.155385 0.068000 0.155385 0.067200 0.156923 0.067200 0.161538 0.068000 0.163077 0.068800 0.163077 0.069600 0.164615 0.068000 0.167692 0.068000 0.170769 0.068800 0.172308 0.068800 0.173846 0.068000 0.175385 0.066400 0.175385 0.065600 0.173846 0.065600 0.170769 0.061600 0.170769 0.060800 0.172308 0.060800 0.176923 0.061600 0.176923 0.062400 0.178462 0.062400 0.180000 0.064000 0.180000 0.064800 0.181538 0.064800 0.189231 0.065600 0.190769 0.065600 0.192308 0.064000 0.195385 0.062400 0.195385 0.061600 0.196923 0.060800 0.196923 0.060000 0.195385 0.059200 0.195385 0.057600 0.192308 0.059200 0.189231 0.059200 0.186154 0.057600 0.186154 0.056800 0.184615 0.056800 0.178462 0.055200 0.178462 0.054400 0.180000 0.053600 0.180000 0.052800 0.178462 0.052800 0.175385 0.052000 0.175385 0.050400 0.172308 0.048800 0.172308 0.047200 0.175385 0.047200 0.178462 0.048000 0.178462 0.049600 0.181538 0.049600 0.183077 0.048800 0.184615 0.048800 0.190769 0.049600 0.192308 0.049600 0.193846 0.051200 0.193846 0.051200 0.192308 0.052000 0.190769 0.054400 0.195385 0.054400 0.198462 0.056000 0.201538 0.056000 0.203077 0.055200 0.204615 0.054400 0.204615 0.053600 0.206154 0.052800 0.206154 0.052000 0.204615 0.050400 0.204615 0.050400 0.206154 0.049600 0.207692 0.049600 0.212308 0.050400 0.212308 0.051200 0.213846 0.051200 0.216923 0.052800 0.220000 0.052800 0.221538 0.053600 0.223077 0.053600 0.224615 0.054400 0.226154 0.056000 0.226154 0.056800 0.227692 0.056000 0.229231 0.056000 0.232308 0.056800 0.233846 0.058400 0.233846 0.059200 0.235385 0.058400 0.236923 0.057600 0.236923 0.057600 0.238462 0.056800 0.240000 0.056800 0.244615 0.058400 0.244615 0.059200 0.243077 0.061600 0.243077 0.061600 0.241538 0.062400 0.240000 0.064800 0.240000 0.065600 0.241538 0.064800 0.243077 0.063200 0.243077 0.063200 0.252308 0.064800 0.252308 0.066400 0.255385 0.066400 0.256923 0.065600 0.258462 0.064000 0.258462 0.064000 0.261538 0.063200 0.263077 0.061600 0.263077 0.060800 0.264615 0.060800 0.269231 0.060000 0.270769 0.058400 0.270769 0.058400 0.273846 0.057600 0.275385 0.056800 0.275385 0.056800 0.278462 0.057600 0.280000 0.058400 0.280000 0.059200 0.281538 0.060000 0.281538 0.060800 0.283077 0.062400 0.283077 0.063200 0.284615 0.063200 0.289231 0.061600 0.292308 0.059200 0.292308 0.059200 0.295385 0.060000 0.295385 0.060800 0.296923 0.060800 0.298462 0.061600 0.298462 0.062400 0.300000 0.062400 0.301538 0.063200 0.303077 0.063200 0.304615 0.064000 0.306154 0.064000 0.307692 0.064800 0.309231 0.064800 0.315385 0.065600 0.315385 0.066400 0.316923 0.068000 0.316923 0.068800 0.315385 0.069600 0.316923 0.069600 0.321538 0.072000 0.321538 0.072800 0.323077 0.072800 0.324615 0.074400 0.324615 0.075200 0.323077 0.076000 0.323077 0.076800 0.324615 0.076800 0.326154 0.078400 0.326154 0.079200 0.324615 0.079200 0.323077 0.080000 0.321538 0.080800 0.323077 0.083200 0.323077 0.084000 0.321538 0.084000 0.315385 0.083200 0.313846 0.082400 0.313846 0.081600 0.312308 0.081600 0.310769 0.080000 0.310769 0.079200 0.309231 0.079200 0.304615 0.078400 0.304615 0.077600 0.303077 0.077600 0.301538 0.075200 0.296923 0.074400 0.296923 0.073600 0.295385 0.073600 0.293846 0.072800 0.292308 0.072800 0.287692 0.074400 0.284615 0.074400 0.283077 0.075200 0.281538 0.076000 0.283077 0.077600 0.283077 0.078400 0.284615 0.078400 0.287692 0.077600 0.289231 0.077600 0.292308 0.078400 0.293846 0.078400 0.296923 0.079200 0.298462 0.080800 0.298462 0.081600 0.300000 0.081600 0.301538 0.084000 0.301538 0.084800 0.300000 0.085600 0.301538 0.087200 0.301538 0.088000 0.300000 0.091200 0.300000 0.091200 0.296923 0.092000 0.295385 0.092800 0.295385 0.092800 0.292308 0.093600 0.290769 0.093600 0.286154 0.092800 0.284615 0.088800 0.284615 0.088000 0.286154 0.084800 0.286154 0.084000 0.284615 0.084800 0.283077 0.086400 0.283077 0.086400 0.280000 0.085600 0.278462 0.085600 0.275385 0.084800 0.275385 0.084000 0.273846 0.084000 0.272308 0.085600 0.269231 0.086400 0.269231 0.087200 0.270769 0.087200 0.273846 0.088800 0.273846 0.089600 0.275385 0.091200 0.275385 0.091200 0.270769 0.092000 0.269231 0.092800 0.269231 0.092800 0.267692 0.093600 0.266154 0.094400 0.266154 0.095200 0.267692 0.094400 0.269231 0.094400 0.272308 0.096800 0.272308 0.097600 0.273846 0.099200 0.273846 0.100000 0.272308 0.100000 0.256923 0.099200 0.255385 0.099200 0.253846 0.097600 0.253846 0.096800 0.252308 0.096800 0.249231 0.096000 0.249231 0.094400 0.246154 0.095200 0.244615 0.096800 0.244615 0.097600 0.246154 0.098400 0.246154 0.099200 0.247692 0.099200 0.249231 0.100000 0.250769 0.100800 0.250769 0.101600 0.252308 0.101600 0.255385 0.102400 0.256923 0.104000 0.256923 0.105600 0.260000 0.105600 0.261538 0.107200 0.261538 0.108000 0.260000 0.108000 0.258462 0.109600 0.255385 0.111200 0.255385 0.112800 0.252308 0.112800 0.249231 0.112000 0.247692 0.112000 0.246154 0.108800 0.246154 0.108000 0.247692 0.107200 0.246154 0.107200 0.243077 0.106400 0.241538 0.105600 0.241538 0.102400 0.235385 0.098400 0.235385 0.097600 0.233846 0.098400 0.232308 0.098400 0.227692 0.096000 0.227692 0.094400 0.230769 0.092000 0.230769 0.091200 0.229231 0.091200 0.226154 0.092000 0.224615 0.092800 0.224615 0.092800 0.221538 0.092000 0.221538 0.091200 0.220000 0.090400 0.220000 0.089600 0.218462 0.089600 0.216923 0.088000 0.213846 0.087200 0.213846 0.086400 0.212308 0.086400 0.210769 0.085600 0.210769 0.084800 0.209231 0.083200 0.209231 0.082400 0.207692 0.083200 0.206154 0.084000 0.206154 0.084000 0.201538 0.082400 0.201538 0.081600 0.200000 0.081600 0.198462 0.080000 0.195385 0.078400 0.195385 0.078400 0.196923 0.076800 0.200000 0.075200 0.200000 0.073600 0.196923 0.073600 0.193846 0.075200 0.190769 0.076800 0.190769 0.077600 0.189231 0.077600 0.180000 0.076800 0.180000 0.076000 0.178462 0.076000 0.173846 0.076800 0.172308 0.077600 0.172308 0.077600 0.163077 0.078400 0.161538 0.079200 0.161538 0.080000 0.160000 0.080800 0.161538 0.082400 0.161538 0.082400 0.152308 0.081600 0.150769 0.081600 0.147692 0.079200 0.143077 0.079200 0.138462 0.078400 0.138462 0.077600 0.136923 0.078400 0.135385 0.078400 0.132308 0.077600 0.130769 0.076000 0.130769 0.075200 0.129231
