0 0.257600 0.450769 0.257600 0.455385 0.258400 0.456923 0.258400 0.460000 0.257600 0.461538 0.256800 0.461538 0.256800 0.464615 0.257600 0.466154 0.258400 0.466154 0.261600 0.472308 0.264800 0.472308 0.264800 0.466154 0.260800 0.458462 0.260800 0.455385 0.260000 0.453846 0.260000 0.452308 0.259200 0.450769
0 0.352000 0.432308 0.352000 0.436923 0.351200 0.438462 0.351200 0.441538 0.352000 0.443077 0.352000 0.444615 0.351200 0.446154 0.351200 0.449231 0.352800 0.452308 0.352800 0.453846 0.352000 0.455385 0.352000 0.461538 0.352800 0.463077 0.352800 0.466154 0.354400 0.469231 0.354400 0.475385 0.355200 0.476923 0.356800 0.476923 0.356800 0.469231 0.356000 0.467692 0.356000 0.464615 0.355200 0.463077 0.355200 0.453846 0.354400 0.452308 0.354400 0.447692 0.353600 0.446154 0.353600 0.438462 0.354400 0.436923 0.354400 0.433846 0.353600 0.432308
0 0.256000 0.427692 0.256000 0.441538 0.256800 0.443077 0.258400 0.443077 0.258400 0.430769 0.257600 0.429231 0.257600 0.427692
0 0.240000 0.390769 0.240000 0.398462 0.239200 0.400000 0.239200 0.404615 0.240000 0.406154 0.240000 0.421538 0.240800 0.423077 0.240800 0.429231 0.241600 0.430769 0.241600 0.432308 0.242400 0.433846 0.242400 0.435385 0.244800 0.440000 0.244800 0.443077 0.245600 0.444615 0.244800 0.446154 0.244800 0.449231 0.245600 0.450769 0.245600 0.453846 0.246400 0.455385 0.246400 0.456923 0.247200 0.458462 0.247200 0.461538 0.246400 0.463077 0.246400 0.466154 0.248800 0.466154 0.250400 0.469231 0.251200 0.469231 0.252000 0.470769 0.255200 0.470769 0.255200 0.467692 0.251200 0.460000 0.250400 0.460000 0.248800 0.456923 0.248800 0.452308 0.248000 0.450769 0.248000 0.440000 0.247200 0.438462 0.247200 0.435385 0.246400 0.435385 0.244800 0.432308 0.244800 0.430769 0.244000 0.429231 0.244000 0.426154 0.243200 0.424615 0.243200 0.420000 0.242400 0.418462 0.242400 0.409231 0.241600 0.407692 0.241600 0.390769
0 0.240800 0.363077 0.240800 0.367692 0.240000 0.369231 0.240000 0.375385 0.240800 0.376923 0.240800 0.378462 0.242400 0.378462 0.242400 0.375385 0.243200 0.373846 0.243200 0.367692 0.242400 0.366154 0.242400 0.363077
0 0.242400 0.346154 0.242400 0.350769 0.244000 0.350769 0.244000 0.346154
0 0.260000 0.336923 0.260000 0.341538 0.259200 0.343077 0.257600 0.343077 0.257600 0.344615 0.256800 0.346154 0.256800 0.352308 0.256000 0.353846 0.256000 0.363077 0.255200 0.364615 0.255200 0.366154 0.254400 0.367692 0.254400 0.372308 0.253600 0.373846 0.253600 0.384615 0.255200 0.384615 0.255200 0.381538 0.256000 0.380000 0.256000 0.373846 0.256800 0.372308 0.256800 0.369231 0.257600 0.367692 0.257600 0.358462 0.258400 0.356923 0.258400 0.355385 0.259200 0.353846 0.259200 0.349231 0.260000 0.347692 0.260000 0.346154 0.260800 0.344615 0.261600 0.344615 0.261600 0.336923
0 0.244000 0.336923 0.244000 0.338462 0.243200 0.340000 0.243200 0.343077 0.245600 0.343077 0.245600 0.336923
0 0.264000 0.315385 0.264000 0.316923 0.263200 0.318462 0.263200 0.320000 0.262400 0.321538 0.262400 0.323077 0.261600 0.324615 0.261600 0.329231 0.260800 0.330769 0.260800 0.333846 0.263200 0.333846 0.263200 0.332308 0.264000 0.330769 0.264000 0.326154 0.264800 0.324615 0.264800 0.321538 0.265600 0.320000 0.265600 0.315385
0 0.266400 0.304615 0.266400 0.310769 0.268000 0.310769 0.268000 0.304615
0 0.268800 0.292308 0.268800 0.293846 0.267200 0.296923 0.267200 0.300000 0.268000 0.301538 0.269600 0.301538 0.269600 0.300000 0.271200 0.296923 0.271200 0.292308
0 0.327200 0.266154 0.327200 0.269231 0.328000 0.270769 0.328800 0.270769 0.329600 0.272308 0.330400 0.272308 0.331200 0.273846 0.331200 0.276923 0.330400 0.278462 0.330400 0.281538 0.331200 0.283077 0.330400 0.284615 0.330400 0.301538 0.329600 0.303077 0.328800 0.303077 0.328800 0.307692 0.329600 0.309231 0.329600 0.310769 0.328800 0.312308 0.328800 0.315385 0.329600 0.316923 0.329600 0.321538 0.328800 0.323077 0.328800 0.326154 0.329600 0.327692 0.329600 0.329231 0.328800 0.330769 0.327200 0.327692 0.327200 0.324615 0.325600 0.321538 0.325600 0.320000 0.324800 0.318462 0.324800 0.316923 0.323200 0.313846 0.323200 0.310769 0.322400 0.309231 0.322400 0.307692 0.321600 0.306154 0.321600 0.304615 0.320800 0.303077 0.321600 0.301538 0.323200 0.301538 0.323200 0.296923 0.322400 0.296923 0.321600 0.295385 0.322400 0.293846 0.322400 0.290769 0.320800 0.290769 0.320000 0.289231 0.320000 0.286154 0.320800 0.284615 0.320800 0.280000 0.319200 0.280000 0.318400 0.281538 0.318400 0.286154 0.317600 0.287692 0.316000 0.287692 0.316000 0.290769 0.316800 0.292308 0.316800 0.298462 0.317600 0.298462 0.318400 0.300000 0.318400 0.301538 0.317600 0.303077 0.317600 0.306154 0.318400 0.307692 0.317600 0.309231 0.316000 0.309231 0.316000 0.312308 0.317600 0.315385 0.320000 0.315385 0.321600 0.318462 0.322400 0.318462 0.323200 0.320000 0.323200 0.324615 0.324000 0.326154 0.324000 0.330769 0.325600 0.330769 0.326400 0.332308 0.326400 0.335385 0.329600 0.341538 0.329600 0.343077 0.331200 0.346154 0.330400 0.347692 0.330400 0.350769 0.332000 0.353846 0.332000 0.356923 0.332800 0.356923 0.333600 0.358462 0.333600 0.363077 0.334400 0.364615 0.334400 0.369231 0.336000 0.372308 0.336000 0.373846 0.338400 0.378462 0.338400 0.380000 0.339200 0.381538 0.339200 0.384615 0.340000 0.384615 0.341600 0.387692 0.343200 0.387692 0.343200 0.383077 0.342400 0.381538 0.342400 0.380000 0.340800 0.376923 0.340800 0.372308 0.340000 0.370769 0.340000 0.366154 0.339200 0.366154 0.338400 0.364615 0.338400 0.358462 0.336800 0.355385 0.336800 0.353846 0.336000 0.352308 0.336000 0.346154 0.335200 0.344615 0.335200 0.333846 0.334400 0.332308 0.334400 0.330769 0.333600 0.329231 0.333600 0.318462 0.332800 0.316923 0.332800 0.290769 0.333600 0.289231 0.333600 0.284615 0.335200 0.281538 0.335200 0.278462 0.334400 0.276923 0.334400 0.273846 0.333600 0.272308 0.333600 0.270769 0.332000 0.267692 0.330400 0.267692 0.329600 0.266154
0 0.311200 0.258462 0.310400 0.260000 0.309600 0.260000 0.308800 0.261538 0.308000 0.261538 0.307200 0.263077 0.302400 0.263077 0.301600 0.264615 0.297600 0.264615 0.296800 0.266154 0.296000 0.264615 0.294400 0.264615 0.293600 0.266154 0.290400 0.266154 0.289600 0.267692 0.288800 0.267692 0.288000 0.269231 0.287200 0.267692 0.283200 0.267692 0.282400 0.269231 0.279200 0.269231 0.278400 0.270769 0.275200 0.270769 0.274400 0.272308 0.273600 0.272308 0.273600 0.275385 0.272800 0.276923 0.272800 0.278462 0.272000 0.280000 0.270400 0.280000 0.270400 0.284615 0.271200 0.286154 0.271200 0.287692 0.272800 0.287692 0.272800 0.286154 0.273600 0.284615 0.273600 0.283077 0.276800 0.276923 0.279200 0.276923 0.280000 0.275385 0.280800 0.275385 0.281600 0.273846 0.283200 0.273846 0.284000 0.272308 0.286400 0.272308 0.287200 0.273846 0.288800 0.273846 0.288800 0.272308 0.289600 0.270769 0.294400 0.270769 0.295200 0.269231 0.300800 0.269231 0.301600 0.267692 0.304000 0.267692 0.304800 0.266154 0.311200 0.266154 0.312000 0.264615 0.323200 0.264615 0.323200 0.261538 0.322400 0.261538 0.321600 0.260000 0.320800 0.260000 0.320000 0.258462 0.317600 0.258462 0.316800 0.260000 0.313600 0.260000 0.312800 0.258462
1 0.435200 0.835385 0.434400 0.836923 0.432800 0.836923 0.432800 0.838462 0.432000 0.840000 0.432000 0.841538 0.431200 0.843077 0.429600 0.843077 0.428000 0.840000 0.428000 0.838462 0.426400 0.838462 0.426400 0.840000 0.425600 0.841538 0.424800 0.841538 0.424800 0.844615 0.425600 0.846154 0.425600 0.847692 0.426400 0.849231 0.428800 0.849231 0.429600 0.850769 0.429600 0.853846 0.430400 0.853846 0.431200 0.855385 0.431200 0.863077 0.429600 0.866154 0.429600 0.869231 0.430400 0.870769 0.430400 0.875385 0.431200 0.876923 0.431200 0.880000 0.429600 0.883077 0.426400 0.883077 0.426400 0.886154 0.425600 0.887692 0.423200 0.887692 0.422400 0.886154 0.422400 0.883077 0.421600 0.883077 0.420800 0.881538 0.420000 0.881538 0.419200 0.880000 0.419200 0.876923 0.414400 0.876923 0.413600 0.878462 0.412000 0.875385 0.410400 0.875385 0.410400 0.881538 0.411200 0.883077 0.409600 0.886154 0.407200 0.886154 0.406400 0.884615 0.405600 0.884615 0.404800 0.883077 0.404800 0.881538 0.405600 0.880000 0.407200 0.880000 0.408000 0.878462 0.408000 0.873846 0.405600 0.873846 0.404800 0.872308 0.404800 0.869231 0.404000 0.867692 0.404800 0.866154 0.404800 0.863077 0.404000 0.861538 0.401600 0.861538 0.400000 0.864615 0.400000 0.867692 0.399200 0.869231 0.397600 0.869231 0.396800 0.867692 0.396800 0.866154 0.397600 0.864615 0.398400 0.864615 0.398400 0.863077 0.399200 0.861538 0.399200 0.860000 0.400000 0.858462 0.400000 0.855385 0.400800 0.853846 0.400800 0.846154 0.401600 0.844615 0.404000 0.844615 0.404000 0.840000 0.402400 0.840000 0.401600 0.838462 0.400000 0.838462 0.399200 0.840000 0.397600 0.840000 0.396800 0.841538 0.396000 0.841538 0.394400 0.844615 0.393600 0.844615 0.394400 0.846154 0.394400 0.850769 0.393600 0.852308 0.392000 0.852308 0.391200 0.853846 0.390400 0.853846 0.388800 0.856923 0.388000 0.856923 0.388800 0.858462 0.388800 0.863077 0.389600 0.864615 0.388000 0.867692 0.386400 0.867692 0.385600 0.866154 0.384000 0.866154 0.383200 0.867692 0.382400 0.867692 0.381600 0.869231 0.380000 0.869231 0.379200 0.870769 0.378400 0.869231 0.378400 0.867692 0.377600 0.869231 0.376800 0.869231 0.373600 0.875385 0.372800 0.875385 0.372000 0.876923 0.372000 0.878462 0.371200 0.880000 0.370400 0.880000 0.370400 0.883077 0.368800 0.886154 0.367200 0.886154 0.365600 0.889231 0.364800 0.889231 0.364800 0.890769 0.364000 0.892308 0.363200 0.892308 0.363200 0.893846 0.362400 0.895385 0.361600 0.895385 0.361600 0.896923 0.360800 0.898462 0.360000 0.898462 0.360000 0.900000 0.359200 0.901538 0.358400 0.901538 0.356800 0.904615 0.356800 0.906154 0.356000 0.907692 0.354400 0.907692 0.353600 0.906154 0.353600 0.903077 0.352000 0.903077 0.351200 0.904615 0.350400 0.904615 0.350400 0.910769 0.351200 0.912308 0.349600 0.915385 0.346400 0.915385 0.345600 0.916923 0.345600 0.918462 0.344800 0.920000 0.344000 0.920000 0.343200 0.921538 0.342400 0.921538 0.342400 0.923077 0.341600 0.924615 0.340000 0.924615 0.340000 0.927692 0.340800 0.929231 0.340800 0.930769 0.340000 0.932308 0.339200 0.932308 0.338400 0.930769 0.338400 0.923077 0.337600 0.923077 0.336800 0.921538 0.336000 0.921538 0.335200 0.923077 0.335200 0.926154 0.333600 0.929231 0.332800 0.929231 0.330400 0.933846 0.330400 0.936923 0.329600 0.938462 0.328800 0.938462 0.328800 0.943077 0.329600 0.944615 0.329600 0.946154 0.328800 0.947692 0.327200 0.947692 0.326400 0.946154 0.326400 0.944615 0.324000 0.944615 0.324000 0.946154 0.323200 0.947692 0.320800 0.947692 0.320800 0.950769 0.320000 0.952308 0.315200 0.952308 0.314400 0.953846 0.314400 0.956923 0.315200 0.956923 0.316000 0.958462 0.316000 0.960000 0.317600 0.960000 0.319200 0.963077 0.319200 0.964615 0.320000 0.964615 0.320800 0.966154 0.320000 0.967692 0.320000 0.969231 0.319200 0.970769 0.318400 0.970769 0.318400 0.975385 0.320000 0.978462 0.319200 0.980000 0.319200 0.984615 0.320000 0.984615 0.320800 0.986154 0.320800 0.989231 0.320000 0.990769 0.320000 0.993846 0.320800 0.995385 0.320800 0.998462 0.331200 0.998462 0.332000 0.996923 0.332000 0.995385 0.332800 0.993846 0.333600 0.995385 0.334400 0.995385 0.335200 0.996923 0.335200 0.998462 0.365600 0.998462 0.367200 0.995385 0.367200 0.992308 0.366400 0.990769 0.366400 0.987692 0.367200 0.986154 0.368000 0.986154 0.369600 0.983077 0.371200 0.986154 0.372000 0.986154 0.372800 0.987692 0.373600 0.987692 0.374400 0.989231 0.376000 0.989231 0.376800 0.987692 0.376800 0.981538 0.375200 0.981538 0.373600 0.978462 0.373600 0.975385 0.372800 0.975385 0.372000 0.973846 0.372800 0.972308 0.375200 0.972308 0.376000 0.970769 0.377600 0.970769 0.377600 0.967692 0.376800 0.966154 0.377600 0.964615 0.378400 0.964615 0.379200 0.966154 0.380800 0.966154 0.380800 0.961538 0.381600 0.960000 0.382400 0.960000 0.383200 0.958462 0.387200 0.958462 0.388000 0.960000 0.389600 0.960000 0.392000 0.955385 0.392800 0.955385 0.392800 0.952308 0.393600 0.950769 0.394400 0.952308 0.396800 0.952308 0.397600 0.950769 0.398400 0.950769 0.399200 0.952308 0.399200 0.955385 0.400000 0.956923 0.401600 0.956923 0.402400 0.955385 0.404000 0.955385 0.404000 0.950769 0.403200 0.949231 0.404000 0.947692 0.407200 0.947692 0.408000 0.946154 0.409600 0.946154 0.410400 0.944615 0.411200 0.944615 0.411200 0.943077 0.412000 0.941538 0.414400 0.941538 0.415200 0.943077 0.419200 0.943077 0.420000 0.944615 0.420000 0.946154 0.421600 0.946154 0.422400 0.944615 0.422400 0.943077 0.423200 0.941538 0.423200 0.940000 0.424000 0.938462 0.425600 0.938462 0.427200 0.935385 0.430400 0.935385 0.430400 0.932308 0.432000 0.929231 0.434400 0.929231 0.435200 0.927692 0.436000 0.927692 0.436800 0.926154 0.437600 0.926154 0.439200 0.929231 0.439200 0.930769 0.440800 0.930769 0.441600 0.929231 0.442400 0.929231 0.443200 0.927692 0.443200 0.926154 0.444000 0.924615 0.444000 0.921538 0.444800 0.920000 0.445600 0.921538 0.448000 0.921538 0.449600 0.918462 0.450400 0.918462 0.450400 0.916923 0.451200 0.915385 0.452000 0.915385 0.452800 0.916923 0.452800 0.918462 0.453600 0.920000 0.452800 0.921538 0.452800 0.924615 0.453600 0.924615 0.454400 0.926154 0.456000 0.926154 0.456800 0.927692 0.456800 0.930769 0.457600 0.932308 0.458400 0.932308 0.460000 0.935385 0.463200 0.935385 0.464800 0.932308 0.464800 0.930769 0.465600 0.929231 0.466400 0.929231 0.466400 0.926154 0.465600 0.924615 0.465600 0.921538 0.466400 0.920000 0.467200 0.920000 0.468800 0.916923 0.468800 0.913846 0.470400 0.910769 0.472800 0.910769 0.473600 0.912308 0.473600 0.915385 0.472800 0.916923 0.472800 0.921538 0.474400 0.921538 0.476000 0.918462 0.476000 0.916923 0.476800 0.915385 0.477600 0.915385 0.478400 0.916923 0.479200 0.916923 0.480800 0.920000 0.484000 0.920000 0.484000 0.916923 0.484800 0.915385 0.485600 0.916923 0.487200 0.916923 0.488000 0.918462 0.488000 0.923077 0.487200 0.924615 0.486400 0.924615 0.486400 0.929231 0.487200 0.930769 0.488800 0.930769 0.489600 0.929231 0.491200 0.929231 0.492800 0.926154 0.494400 0.926154 0.496000 0.923077 0.496800 0.924615 0.498400 0.924615 0.498400 0.923077 0.499200 0.921538 0.499200 0.920000 0.500000 0.918462 0.502400 0.918462 0.504800 0.923077 0.506400 0.923077 0.507200 0.921538 0.507200 0.916923 0.508000 0.915385 0.509600 0.915385 0.510400 0.913846 0.510400 0.910769 0.507200 0.904615 0.506400 0.904615 0.505600 0.903077 0.500800 0.903077 0.500000 0.901538 0.500000 0.900000 0.499200 0.898462 0.499200 0.896923 0.498400 0.895385 0.498400 0.889231 0.499200 0.887692 0.499200 0.886154 0.500000 0.884615 0.500800 0.886154 0.502400 0.886154 0.502400 0.883077 0.503200 0.881538 0.503200 0.878462 0.501600 0.878462 0.500800 0.876923 0.500800 0.875385 0.498400 0.875385 0.497600 0.873846 0.497600 0.872308 0.495200 0.872308 0.495200 0.875385 0.494400 0.876923 0.494400 0.878462 0.493600 0.880000 0.492800 0.880000 0.492000 0.878462 0.489600 0.878462 0.488800 0.876923 0.488000 0.876923 0.487200 0.875385 0.485600 0.875385 0.484800 0.873846 0.484000 0.873846 0.483200 0.872308 0.484000 0.870769 0.485600 0.870769 0.485600 0.867692 0.484800 0.866154 0.484000 0.866154 0.483200 0.864615 0.483200 0.863077 0.482400 0.861538 0.482400 0.860000 0.477600 0.860000 0.476800 0.861538 0.476000 0.861538 0.476000 0.866154 0.475200 0.867692 0.474400 0.867692 0.473600 0.869231 0.472800 0.867692 0.468000 0.867692 0.467200 0.869231 0.466400 0.869231 0.466400 0.875385 0.467200 0.875385 0.468000 0.876923 0.467200 0.878462 0.464800 0.878462 0.464000 0.876923 0.464000 0.875385 0.462400 0.872308 0.460800 0.872308 0.460000 0.873846 0.459200 0.872308 0.459200 0.870769 0.457600 0.870769 0.457600 0.875385 0.456800 0.876923 0.456000 0.875385 0.453600 0.875385 0.452800 0.873846 0.452800 0.870769 0.452000 0.869231 0.450400 0.869231 0.449600 0.870769 0.448800 0.870769 0.448800 0.872308 0.448000 0.873846 0.446400 0.873846 0.446400 0.878462 0.444800 0.881538 0.443200 0.881538 0.442400 0.880000 0.441600 0.880000 0.440800 0.878462 0.441600 0.876923 0.442400 0.876923 0.443200 0.875385 0.444000 0.875385 0.444000 0.872308 0.443200 0.872308 0.442400 0.870769 0.442400 0.866154 0.441600 0.864615 0.440000 0.864615 0.439200 0.866154 0.438400 0.866154 0.438400 0.867692 0.437600 0.869231 0.436800 0.869231 0.436000 0.870769 0.435200 0.869231 0.435200 0.866154 0.436000 0.864615 0.436800 0.864615 0.436800 0.863077 0.437600 0.861538 0.437600 0.856923 0.438400 0.855385 0.440800 0.855385 0.440800 0.852308 0.440000 0.850769 0.440000 0.847692 0.442400 0.843077 0.442400 0.840000 0.440000 0.840000 0.439200 0.838462 0.437600 0.838462 0.436800 0.836923 0.436800 0.835385
1 0.476800 0.809231 0.476800 0.810769 0.476000 0.812308 0.475200 0.810769 0.471200 0.810769 0.471200 0.813846 0.472000 0.815385 0.472800 0.815385 0.473600 0.816923 0.472800 0.818462 0.472000 0.818462 0.472000 0.820000 0.471200 0.821538 0.470400 0.821538 0.469600 0.823077 0.469600 0.826154 0.470400 0.826154 0.471200 0.827692 0.471200 0.830769 0.472000 0.832308 0.472000 0.838462 0.473600 0.838462 0.473600 0.836923 0.474400 0.835385 0.476000 0.835385 0.476800 0.836923 0.476000 0.838462 0.476000 0.841538 0.476800 0.843077 0.477600 0.843077 0.478400 0.844615 0.477600 0.846154 0.476000 0.846154 0.476000 0.847692 0.475200 0.849231 0.475200 0.852308 0.476000 0.853846 0.479200 0.853846 0.480000 0.852308 0.483200 0.852308 0.484800 0.849231 0.485600 0.850769 0.485600 0.853846 0.486400 0.855385 0.486400 0.856923 0.488000 0.856923 0.488800 0.855385 0.489600 0.856923 0.489600 0.858462 0.491200 0.861538 0.492800 0.861538 0.493600 0.860000 0.494400 0.861538 0.496800 0.861538 0.497600 0.860000 0.498400 0.860000 0.498400 0.858462 0.500000 0.855385 0.501600 0.855385 0.501600 0.852308 0.500000 0.849231 0.500000 0.846154 0.499200 0.846154 0.497600 0.843077 0.496800 0.843077 0.496000 0.841538 0.496000 0.836923 0.492000 0.829231 0.490400 0.829231 0.489600 0.827692 0.489600 0.823077 0.488000 0.823077 0.487200 0.821538 0.487200 0.820000 0.484800 0.820000 0.484000 0.821538 0.483200 0.820000 0.483200 0.815385 0.482400 0.815385 0.481600 0.813846 0.481600 0.812308 0.480000 0.812308 0.479200 0.813846 0.478400 0.812308 0.478400 0.809231
1 0.460000 0.798462 0.460000 0.801538 0.459200 0.803077 0.458400 0.803077 0.457600 0.804615 0.456800 0.804615 0.455200 0.801538 0.455200 0.800000 0.452800 0.800000 0.452800 0.804615 0.451200 0.807692 0.448800 0.807692 0.448000 0.806154 0.446400 0.806154 0.444000 0.810769 0.443200 0.809231 0.440800 0.809231 0.440800 0.810769 0.440000 0.812308 0.440000 0.813846 0.439200 0.815385 0.439200 0.818462 0.440000 0.818462 0.440800 0.820000 0.444800 0.820000 0.446400 0.816923 0.447200 0.818462 0.447200 0.821538 0.449600 0.821538 0.450400 0.823077 0.452000 0.823077 0.453600 0.826154 0.453600 0.827692 0.455200 0.827692 0.455200 0.826154 0.456000 0.824615 0.456800 0.824615 0.457600 0.826154 0.457600 0.827692 0.459200 0.827692 0.460000 0.829231 0.464000 0.829231 0.464800 0.827692 0.464800 0.826154 0.466400 0.823077 0.466400 0.820000 0.464800 0.820000 0.464000 0.818462 0.464000 0.816923 0.465600 0.813846 0.468800 0.813846 0.469600 0.812308 0.469600 0.807692 0.468000 0.807692 0.467200 0.806154 0.463200 0.806154 0.462400 0.804615 0.462400 0.798462
1 0.417600 0.756923 0.417600 0.758462 0.416000 0.761538 0.416800 0.763077 0.416800 0.772308 0.417600 0.773846 0.417600 0.776923 0.416800 0.778462 0.417600 0.780000 0.417600 0.781538 0.419200 0.784615 0.419200 0.787692 0.420000 0.789231 0.420000 0.792308 0.421600 0.795385 0.421600 0.800000 0.422400 0.800000 0.424000 0.803077 0.424000 0.806154 0.423200 0.807692 0.421600 0.807692 0.420000 0.810769 0.419200 0.810769 0.418400 0.812308 0.417600 0.812308 0.417600 0.813846 0.416800 0.815385 0.416800 0.816923 0.415200 0.820000 0.415200 0.827692 0.416000 0.829231 0.419200 0.829231 0.419200 0.826154 0.418400 0.824615 0.419200 0.823077 0.420000 0.823077 0.420800 0.824615 0.420800 0.829231 0.423200 0.829231 0.424000 0.827692 0.424000 0.824615 0.424800 0.823077 0.424800 0.821538 0.426400 0.818462 0.427200 0.818462 0.428000 0.820000 0.428000 0.821538 0.428800 0.821538 0.429600 0.823077 0.429600 0.824615 0.431200 0.824615 0.432800 0.821538 0.433600 0.821538 0.433600 0.820000 0.434400 0.818462 0.435200 0.818462 0.435200 0.816923 0.436800 0.813846 0.436800 0.810769 0.436000 0.809231 0.435200 0.809231 0.433600 0.806154 0.433600 0.804615 0.432800 0.804615 0.432000 0.803077 0.430400 0.803077 0.429600 0.801538 0.430400 0.800000 0.430400 0.793846 0.429600 0.792308 0.431200 0.789231 0.432000 0.789231 0.432000 0.786154 0.430400 0.783077 0.429600 0.783077 0.428800 0.781538 0.428800 0.780000 0.429600 0.778462 0.429600 0.775385 0.428800 0.773846 0.428800 0.767692 0.427200 0.764615 0.427200 0.763077 0.425600 0.763077 0.424800 0.761538 0.424800 0.760000 0.423200 0.760000 0.422400 0.758462 0.422400 0.756923 0.420800 0.756923 0.420000 0.758462 0.419200 0.756923
1 0.197600 0.681538 0.197600 0.686154 0.196800 0.687692 0.194400 0.687692 0.193600 0.689231 0.193600 0.692308 0.192000 0.695385 0.188800 0.695385 0.188800 0.696923 0.188000 0.698462 0.184000 0.698462 0.183200 0.696923 0.183200 0.693846 0.179200 0.693846 0.179200 0.696923 0.180000 0.698462 0.179200 0.700000 0.176000 0.700000 0.175200 0.701538 0.174400 0.701538 0.173600 0.700000 0.173600 0.698462 0.176000 0.693846 0.176000 0.690769 0.173600 0.690769 0.170400 0.696923 0.168800 0.696923 0.168800 0.698462 0.168000 0.700000 0.167200 0.700000 0.166400 0.698462 0.166400 0.687692 0.163200 0.687692 0.162400 0.686154 0.160800 0.686154 0.160000 0.687692 0.160000 0.689231 0.159200 0.690769 0.158400 0.690769 0.158400 0.693846 0.156800 0.696923 0.155200 0.696923 0.154400 0.698462 0.154400 0.704615 0.155200 0.706154 0.159200 0.706154 0.160000 0.704615 0.160800 0.704615 0.161600 0.703077 0.163200 0.703077 0.164000 0.704615 0.163200 0.706154 0.163200 0.707692 0.162400 0.709231 0.162400 0.713846 0.163200 0.713846 0.164000 0.715385 0.164000 0.716923 0.162400 0.720000 0.160800 0.716923 0.159200 0.716923 0.158400 0.718462 0.156800 0.718462 0.156800 0.721538 0.157600 0.721538 0.158400 0.723077 0.158400 0.727692 0.157600 0.729231 0.157600 0.732308 0.158400 0.733846 0.157600 0.735385 0.156800 0.735385 0.156000 0.736923 0.156000 0.738462 0.155200 0.740000 0.153600 0.740000 0.153600 0.741538 0.152800 0.743077 0.152800 0.744615 0.152000 0.746154 0.151200 0.744615 0.150400 0.744615 0.149600 0.743077 0.148800 0.743077 0.148000 0.741538 0.148000 0.740000 0.147200 0.740000 0.144800 0.735385 0.144800 0.730769 0.145600 0.729231 0.146400 0.729231 0.146400 0.726154 0.148000 0.723077 0.148800 0.723077 0.148800 0.715385 0.148000 0.713846 0.148000 0.712308 0.146400 0.712308 0.145600 0.713846 0.145600 0.716923 0.144800 0.718462 0.142400 0.718462 0.141600 0.720000 0.140800 0.720000 0.140800 0.723077 0.142400 0.726154 0.140800 0.729231 0.139200 0.729231 0.139200 0.733846 0.138400 0.735385 0.137600 0.735385 0.136800 0.736923 0.136800 0.740000 0.137600 0.741538 0.137600 0.744615 0.136800 0.746154 0.136000 0.746154 0.135200 0.744615 0.135200 0.743077 0.134400 0.741538 0.132800 0.741538 0.132000 0.740000 0.132000 0.736923 0.132800 0.735385 0.133600 0.735385 0.133600 0.724615 0.131200 0.724615 0.130400 0.723077 0.130400 0.720000 0.131200 0.718462 0.131200 0.710769 0.130400 0.709231 0.128800 0.709231 0.128800 0.710769 0.128000 0.712308 0.128000 0.715385 0.126400 0.718462 0.125600 0.716923 0.123200 0.716923 0.123200 0.726154 0.124000 0.727692 0.122400 0.730769 0.120000 0.730769 0.119200 0.732308 0.118400 0.730769 0.116800 0.730769 0.116800 0.735385 0.114400 0.740000 0.114400 0.744615 0.115200 0.746154 0.115200 0.747692 0.116000 0.749231 0.116000 0.755385 0.116800 0.756923 0.116800 0.760000 0.120800 0.760000 0.121600 0.758462 0.122400 0.758462 0.123200 0.760000 0.123200 0.764615 0.124800 0.767692 0.124000 0.769231 0.120000 0.769231 0.120000 0.773846 0.120800 0.773846 0.121600 0.775385 0.121600 0.780000 0.122400 0.781538 0.122400 0.784615 0.123200 0.784615 0.124000 0.786154 0.126400 0.786154 0.127200 0.784615 0.128000 0.786154 0.128000 0.787692 0.127200 0.789231 0.127200 0.792308 0.128000 0.793846 0.127200 0.795385 0.127200 0.798462 0.126400 0.800000 0.125600 0.798462 0.124000 0.798462 0.124000 0.803077 0.123200 0.804615 0.122400 0.803077 0.120000 0.803077 0.119200 0.804615 0.118400 0.803077 0.118400 0.801538 0.116800 0.801538 0.116000 0.803077 0.116000 0.806154 0.115200 0.807692 0.115200 0.809231 0.114400 0.810769 0.113600 0.810769 0.112800 0.809231 0.112800 0.806154 0.111200 0.806154 0.111200 0.807692 0.110400 0.809231 0.110400 0.818462 0.111200 0.818462 0.112000 0.820000 0.112000 0.821538 0.113600 0.821538 0.114400 0.823077 0.114400 0.827692 0.115200 0.829231 0.115200 0.830769 0.117600 0.835385 0.117600 0.840000 0.118400 0.840000 0.119200 0.841538 0.120000 0.841538 0.121600 0.844615 0.124800 0.844615 0.125600 0.843077 0.126400 0.843077 0.127200 0.844615 0.126400 0.846154 0.126400 0.849231 0.128000 0.852308 0.128000 0.858462 0.127200 0.860000 0.126400 0.858462 0.124800 0.858462 0.124800 0.861538 0.124000 0.863077 0.124000 0.866154 0.123200 0.867692 0.123200 0.870769 0.122400 0.872308 0.119200 0.872308 0.118400 0.870769 0.116800 0.870769 0.116800 0.873846 0.116000 0.875385 0.115200 0.873846 0.113600 0.873846 0.112800 0.875385 0.112800 0.878462 0.113600 0.880000 0.112800 0.881538 0.112000 0.881538 0.112000 0.883077 0.111200 0.884615 0.110400 0.884615 0.109600 0.886154 0.109600 0.889231 0.110400 0.889231 0.111200 0.890769 0.112800 0.890769 0.113600 0.892308 0.113600 0.893846 0.114400 0.895385 0.113600 0.896923 0.112800 0.896923 0.112800 0.900000 0.118400 0.900000 0.119200 0.898462 0.120000 0.900000 0.120000 0.901538 0.120800 0.901538 0.121600 0.903077 0.121600 0.909231 0.122400 0.910769 0.121600 0.912308 0.120000 0.912308 0.119200 0.913846 0.118400 0.913846 0.118400 0.916923 0.119200 0.916923 0.120000 0.918462 0.120000 0.920000 0.120800 0.921538 0.120800 0.926154 0.120000 0.927692 0.119200 0.926154 0.116800 0.926154 0.116000 0.924615 0.114400 0.924615 0.114400 0.929231 0.115200 0.930769 0.116000 0.930769 0.117600 0.933846 0.117600 0.936923 0.118400 0.938462 0.118400 0.944615 0.120000 0.944615 0.120800 0.943077 0.122400 0.943077 0.123200 0.944615 0.124800 0.944615 0.125600 0.943077 0.126400 0.944615 0.126400 0.947692 0.131200 0.947692 0.132000 0.946154 0.135200 0.946154 0.136000 0.944615 0.136800 0.944615 0.137600 0.946154 0.137600 0.950769 0.136800 0.952308 0.136800 0.953846 0.135200 0.956923 0.134400 0.956923 0.133600 0.955385 0.133600 0.953846 0.132000 0.953846 0.132000 0.956923 0.131200 0.958462 0.130400 0.958462 0.129600 0.956923 0.129600 0.952308 0.126400 0.952308 0.125600 0.953846 0.124800 0.953846 0.124800 0.955385 0.123200 0.958462 0.121600 0.958462 0.120800 0.956923 0.118400 0.956923 0.118400 0.961538 0.119200 0.963077 0.121600 0.963077 0.122400 0.964615 0.124000 0.964615 0.125600 0.961538 0.126400 0.963077 0.126400 0.964615 0.127200 0.964615 0.128000 0.966154 0.128000 0.969231 0.128800 0.970769 0.128800 0.972308 0.130400 0.975385 0.132000 0.975385 0.132000 0.972308 0.132800 0.970769 0.134400 0.970769 0.135200 0.972308 0.136800 0.972308 0.136800 0.969231 0.137600 0.967692 0.138400 0.967692 0.139200 0.969231 0.139200 0.975385 0.140000 0.976923 0.139200 0.978462 0.139200 0.983077 0.140000 0.983077 0.140800 0.984615 0.140800 0.990769 0.141600 0.990769 0.142400 0.992308 0.142400 0.998462 0.146400 0.998462 0.146400 0.993846 0.145600 0.993846 0.144800 0.992308 0.144800 0.990769 0.145600 0.989231 0.145600 0.986154 0.147200 0.983077 0.148800 0.983077 0.148800 0.980000 0.148000 0.978462 0.148800 0.976923 0.152000 0.976923 0.152000 0.970769 0.151200 0.969231 0.150400 0.969231 0.148800 0.966154 0.148800 0.960000 0.150400 0.956923 0.151200 0.956923 0.152000 0.958462 0.153600 0.958462 0.155200 0.955385 0.155200 0.949231 0.156000 0.947692 0.156800 0.947692 0.157600 0.949231 0.157600 0.952308 0.158400 0.953846 0.158400 0.956923 0.160000 0.956923 0.161600 0.953846 0.162400 0.953846 0.162400 0.952308 0.163200 0.950769 0.164000 0.950769 0.164000 0.944615 0.164800 0.943077 0.165600 0.943077 0.166400 0.944615 0.168000 0.944615 0.168800 0.943077 0.169600 0.943077 0.171200 0.946154 0.171200 0.947692 0.172000 0.947692 0.172800 0.949231 0.172800 0.952308 0.173600 0.952308 0.174400 0.953846 0.174400 0.955385 0.176000 0.955385 0.176800 0.956923 0.176800 0.961538 0.178400 0.961538 0.179200 0.960000 0.180000 0.960000 0.180000 0.958462 0.180800 0.956923 0.184000 0.956923 0.184800 0.958462 0.185600 0.956923 0.185600 0.952308 0.187200 0.949231 0.187200 0.946154 0.186400 0.944615 0.186400 0.940000 0.184800 0.940000 0.184000 0.938462 0.182400 0.941538 0.180800 0.941538 0.180000 0.940000 0.180000 0.933846 0.179200 0.932308 0.176000 0.932308 0.175200 0.930769 0.175200 0.929231 0.176000 0.927692 0.176000 0.924615 0.175200 0.924615 0.174400 0.923077 0.174400 0.920000 0.175200 0.918462 0.176800 0.918462 0.176800 0.904615 0.176000 0.904615 0.174400 0.901538 0.174400 0.900000 0.175200 0.898462 0.175200 0.895385 0.176000 0.893846 0.176800 0.895385 0.176800 0.896923 0.177600 0.898462 0.180000 0.898462 0.180000 0.895385 0.179200 0.893846 0.179200 0.890769 0.180000 0.889231 0.180800 0.890769 0.184800 0.890769 0.187200 0.886154 0.187200 0.884615 0.188000 0.883077 0.188000 0.878462 0.188800 0.876923 0.188800 0.875385 0.189600 0.873846 0.190400 0.873846 0.192000 0.870769 0.192800 0.870769 0.195200 0.866154 0.195200 0.863077 0.196000 0.861538 0.196000 0.853846 0.196800 0.852308 0.198400 0.855385 0.199200 0.855385 0.200000 0.853846 0.202400 0.853846 0.204800 0.849231 0.210400 0.849231 0.210400 0.847692 0.211200 0.846154 0.211200 0.844615 0.212800 0.841538 0.215200 0.841538 0.216000 0.840000 0.217600 0.840000 0.217600 0.836923 0.220000 0.832308 0.220000 0.829231 0.219200 0.830769 0.217600 0.830769 0.216800 0.829231 0.216800 0.827692 0.214400 0.827692 0.213600 0.826154 0.213600 0.824615 0.212000 0.824615 0.211200 0.823077 0.211200 0.820000 0.210400 0.820000 0.209600 0.818462 0.209600 0.815385 0.208800 0.813846 0.209600 0.812308 0.209600 0.810769 0.211200 0.807692 0.211200 0.806154 0.210400 0.804615 0.210400 0.795385 0.211200 0.793846 0.212000 0.793846 0.212800 0.792308 0.214400 0.792308 0.214400 0.790769 0.215200 0.789231 0.216000 0.789231 0.219200 0.783077 0.220000 0.783077 0.220800 0.781538 0.220800 0.767692 0.219200 0.767692 0.217600 0.770769 0.216000 0.767692 0.216000 0.766154 0.216800 0.764615 0.216800 0.763077 0.217600 0.761538 0.218400 0.761538 0.218400 0.755385 0.219200 0.753846 0.220800 0.753846 0.221600 0.755385 0.223200 0.755385 0.224000 0.753846 0.224000 0.746154 0.223200 0.746154 0.222400 0.744615 0.222400 0.738462 0.221600 0.736923 0.222400 0.735385 0.222400 0.732308 0.220800 0.732308 0.220000 0.730769 0.220000 0.726154 0.222400 0.721538 0.223200 0.721538 0.223200 0.716923 0.220000 0.716923 0.218400 0.713846 0.215200 0.713846 0.214400 0.712308 0.214400 0.710769 0.213600 0.709231 0.212800 0.709231 0.212000 0.707692 0.212000 0.706154 0.211200 0.704615 0.211200 0.703077 0.212000 0.701538 0.212800 0.701538 0.212800 0.700000 0.213600 0.698462 0.214400 0.698462 0.214400 0.696923 0.216800 0.692308 0.216800 0.687692 0.216000 0.686154 0.216000 0.684615 0.214400 0.684615 0.214400 0.686154 0.213600 0.687692 0.213600 0.689231 0.211200 0.693846 0.210400 0.692308 0.208800 0.692308 0.208000 0.693846 0.206400 0.693846 0.204800 0.690769 0.204800 0.686154 0.203200 0.686154 0.201600 0.683077 0.201600 0.681538
3 0.321600 0.492308 0.321600 0.495385 0.318400 0.501538 0.318400 0.504615 0.317600 0.506154 0.315200 0.506154 0.314400 0.504615 0.314400 0.503077 0.313600 0.501538 0.310400 0.501538 0.309600 0.503077 0.309600 0.510769 0.306400 0.516923 0.305600 0.516923 0.304800 0.518462 0.303200 0.518462 0.302400 0.520000 0.301600 0.520000 0.300800 0.521538 0.300800 0.527692 0.301600 0.529231 0.301600 0.533846 0.300800 0.535385 0.300800 0.549231 0.301600 0.549231 0.303200 0.552308 0.302400 0.553846 0.300800 0.553846 0.300000 0.555385 0.299200 0.555385 0.298400 0.556923 0.296000 0.556923 0.296000 0.561538 0.293600 0.566154 0.289600 0.566154 0.289600 0.569231 0.288800 0.570769 0.288800 0.572308 0.287200 0.575385 0.287200 0.580000 0.286400 0.581538 0.284000 0.581538 0.283200 0.583077 0.283200 0.589231 0.282400 0.590769 0.280000 0.590769 0.279200 0.592308 0.279200 0.593846 0.278400 0.595385 0.278400 0.601538 0.279200 0.603077 0.278400 0.604615 0.278400 0.607692 0.275200 0.613846 0.275200 0.615385 0.274400 0.616923 0.274400 0.620000 0.273600 0.621538 0.272800 0.621538 0.272000 0.623077 0.272000 0.624615 0.271200 0.626154 0.271200 0.635385 0.270400 0.636923 0.270400 0.643077 0.271200 0.643077 0.272000 0.644615 0.270400 0.647692 0.268800 0.647692 0.268000 0.649231 0.268000 0.652308 0.267200 0.653846 0.267200 0.655385 0.265600 0.658462 0.264800 0.658462 0.264000 0.660000 0.262400 0.660000 0.261600 0.658462 0.258400 0.658462 0.258400 0.660000 0.257600 0.661538 0.256800 0.661538 0.256800 0.673846 0.256000 0.675385 0.255200 0.675385 0.253600 0.672308 0.248800 0.672308 0.248800 0.673846 0.247200 0.676923 0.247200 0.681538 0.246400 0.683077 0.246400 0.684615 0.245600 0.686154 0.244000 0.686154 0.244000 0.687692 0.243200 0.689231 0.240000 0.689231 0.239200 0.690769 0.239200 0.692308 0.238400 0.693846 0.236800 0.693846 0.236800 0.695385 0.236000 0.696923 0.236000 0.700000 0.234400 0.703077 0.234400 0.704615 0.233600 0.706154 0.233600 0.709231 0.232000 0.712308 0.231200 0.712308 0.231200 0.716923 0.229600 0.720000 0.229600 0.726154 0.228000 0.729231 0.227200 0.729231 0.227200 0.730769 0.224800 0.735385 0.224800 0.736923 0.224000 0.738462 0.224000 0.744615 0.224800 0.746154 0.224800 0.752308 0.227200 0.756923 0.225600 0.760000 0.224800 0.760000 0.224000 0.761538 0.224000 0.767692 0.225600 0.770769 0.226400 0.770769 0.228800 0.775385 0.228000 0.776923 0.227200 0.776923 0.226400 0.778462 0.224800 0.778462 0.223200 0.781538 0.221600 0.781538 0.220000 0.784615 0.219200 0.784615 0.216000 0.790769 0.215200 0.790769 0.215200 0.792308 0.214400 0.793846 0.212800 0.793846 0.212000 0.795385 0.211200 0.795385 0.211200 0.804615 0.212000 0.806154 0.212800 0.806154 0.213600 0.807692 0.212800 0.809231 0.211200 0.809231 0.210400 0.810769 0.210400 0.818462 0.211200 0.818462 0.212000 0.820000 0.212000 0.823077 0.213600 0.823077 0.215200 0.826154 0.216800 0.826154 0.217600 0.827692 0.217600 0.829231 0.219200 0.829231 0.220000 0.827692 0.220800 0.829231 0.220800 0.832308 0.218400 0.836923 0.218400 0.840000 0.217600 0.841538 0.216000 0.841538 0.215200 0.843077 0.212800 0.843077 0.212000 0.844615 0.212000 0.846154 0.211200 0.847692 0.211200 0.849231 0.210400 0.850769 0.204800 0.850769 0.202400 0.855385 0.200000 0.855385 0.199200 0.856923 0.198400 0.856923 0.196800 0.860000 0.196800 0.861538 0.196000 0.863077 0.196000 0.866154 0.195200 0.867692 0.195200 0.870769 0.194400 0.872308 0.192800 0.872308 0.192800 0.873846 0.192000 0.875385 0.192000 0.876923 0.191200 0.878462 0.191200 0.880000 0.190400 0.881538 0.190400 0.884615 0.189600 0.886154 0.189600 0.889231 0.188800 0.890769 0.188800 0.892308 0.187200 0.895385 0.187200 0.896923 0.186400 0.898462 0.186400 0.900000 0.185600 0.901538 0.184000 0.901538 0.184000 0.912308 0.183200 0.913846 0.182400 0.913846 0.182400 0.915385 0.181600 0.916923 0.181600 0.930769 0.183200 0.933846 0.183200 0.938462 0.184000 0.936923 0.184800 0.938462 0.186400 0.938462 0.187200 0.940000 0.187200 0.944615 0.188000 0.946154 0.188000 0.949231 0.186400 0.952308 0.186400 0.956923 0.184800 0.960000 0.184800 0.972308 0.183200 0.975385 0.182400 0.975385 0.182400 0.976923 0.181600 0.978462 0.181600 0.984615 0.184000 0.989231 0.185600 0.989231 0.186400 0.990769 0.186400 0.993846 0.185600 0.995385 0.185600 0.998462 0.288800 0.998462 0.289600 0.996923 0.289600 0.989231 0.290400 0.987692 0.290400 0.981538 0.291200 0.980000 0.292000 0.980000 0.292000 0.972308 0.292800 0.970769 0.292800 0.969231 0.293600 0.967692 0.294400 0.967692 0.294400 0.966154 0.295200 0.964615 0.296000 0.964615 0.296800 0.963077 0.296800 0.958462 0.299200 0.953846 0.299200 0.952308 0.302400 0.946154 0.302400 0.943077 0.303200 0.941538 0.304000 0.941538 0.304800 0.940000 0.304800 0.938462 0.305600 0.936923 0.306400 0.936923 0.308000 0.933846 0.308800 0.933846 0.308800 0.932308 0.309600 0.930769 0.310400 0.930769 0.311200 0.929231 0.311200 0.927692 0.312000 0.926154 0.312800 0.926154 0.313600 0.924615 0.314400 0.924615 0.316000 0.921538 0.316800 0.921538 0.317600 0.920000 0.318400 0.920000 0.319200 0.921538 0.319200 0.927692 0.324000 0.927692 0.324800 0.926154 0.325600 0.926154 0.326400 0.927692 0.326400 0.929231 0.328800 0.929231 0.329600 0.930769 0.331200 0.930769 0.332800 0.927692 0.333600 0.927692 0.334400 0.926154 0.334400 0.923077 0.336000 0.920000 0.336800 0.920000 0.337600 0.921538 0.338400 0.921538 0.339200 0.923077 0.340000 0.923077 0.340000 0.920000 0.341600 0.916923 0.343200 0.916923 0.343200 0.915385 0.345600 0.910769 0.346400 0.910769 0.348800 0.906154 0.349600 0.906154 0.349600 0.904615 0.350400 0.903077 0.351200 0.903077 0.352000 0.901538 0.353600 0.901538 0.354400 0.903077 0.354400 0.904615 0.356000 0.904615 0.358400 0.900000 0.359200 0.900000 0.359200 0.898462 0.360000 0.896923 0.360800 0.896923 0.360800 0.895385 0.361600 0.893846 0.362400 0.893846 0.362400 0.892308 0.363200 0.890769 0.364000 0.890769 0.364000 0.889231 0.364800 0.887692 0.365600 0.887692 0.367200 0.884615 0.368800 0.884615 0.369600 0.883077 0.369600 0.880000 0.370400 0.878462 0.371200 0.878462 0.371200 0.876923 0.372800 0.873846 0.373600 0.873846 0.376800 0.867692 0.377600 0.867692 0.378400 0.866154 0.379200 0.867692 0.381600 0.867692 0.382400 0.866154 0.383200 0.866154 0.384000 0.864615 0.385600 0.864615 0.386400 0.866154 0.388000 0.866154 0.388800 0.864615 0.388000 0.863077 0.388000 0.858462 0.387200 0.856923 0.388000 0.855385 0.388800 0.855385 0.390400 0.852308 0.391200 0.852308 0.392000 0.850769 0.393600 0.850769 0.393600 0.846154 0.392800 0.844615 0.393600 0.843077 0.394400 0.843077 0.396000 0.840000 0.396800 0.840000 0.397600 0.838462 0.399200 0.838462 0.400000 0.836923 0.401600 0.836923 0.402400 0.838462 0.404000 0.838462 0.404800 0.840000 0.406400 0.836923 0.407200 0.836923 0.407200 0.835385 0.410400 0.829231 0.411200 0.829231 0.414400 0.823077 0.414400 0.820000 0.416000 0.816923 0.416000 0.815385 0.416800 0.813846 0.416800 0.812308 0.417600 0.810769 0.418400 0.810769 0.419200 0.809231 0.420000 0.809231 0.421600 0.806154 0.423200 0.806154 0.423200 0.803077 0.422400 0.801538 0.421600 0.801538 0.420800 0.800000 0.420800 0.795385 0.419200 0.792308 0.419200 0.789231 0.418400 0.787692 0.418400 0.784615 0.416800 0.781538 0.416800 0.780000 0.416000 0.778462 0.416800 0.776923 0.416800 0.773846 0.416000 0.772308 0.416000 0.763077 0.412800 0.756923 0.412800 0.755385 0.416000 0.749231 0.416800 0.749231 0.416800 0.743077 0.417600 0.741538 0.418400 0.741538 0.420000 0.738462 0.420800 0.738462 0.421600 0.736923 0.422400 0.736923 0.422400 0.735385 0.423200 0.733846 0.424000 0.733846 0.424000 0.732308 0.428000 0.724615 0.428800 0.724615 0.429600 0.723077 0.431200 0.723077 0.431200 0.721538 0.432000 0.720000 0.432800 0.720000 0.432800 0.718462 0.436800 0.710769 0.439200 0.710769 0.439200 0.709231 0.440000 0.707692 0.440800 0.707692 0.441600 0.706154 0.445600 0.706154 0.445600 0.692308 0.446400 0.690769 0.446400 0.687692 0.448000 0.684615 0.448800 0.684615 0.448800 0.680000 0.449600 0.678462 0.449600 0.673846 0.450400 0.672308 0.450400 0.669231 0.451200 0.667692 0.452800 0.667692 0.452800 0.666154 0.453600 0.664615 0.454400 0.664615 0.454400 0.663077 0.455200 0.661538 0.456000 0.661538 0.456800 0.660000 0.456800 0.658462 0.458400 0.655385 0.460800 0.655385 0.461600 0.653846 0.461600 0.650769 0.464000 0.646154 0.464800 0.646154 0.466400 0.643077 0.467200 0.643077 0.468000 0.641538 0.468800 0.641538 0.469600 0.640000 0.470400 0.640000 0.471200 0.638462 0.472000 0.638462 0.473600 0.635385 0.474400 0.635385 0.476800 0.630769 0.477600 0.630769 0.479200 0.627692 0.480000 0.627692 0.480800 0.626154 0.482400 0.626154 0.483200 0.624615 0.483200 0.618462 0.481600 0.615385 0.481600 0.610769 0.480000 0.607692 0.480000 0.606154 0.478400 0.603077 0.480800 0.598462 0.482400 0.598462 0.482400 0.589231 0.481600 0.587692 0.481600 0.586154 0.480800 0.584615 0.480800 0.583077 0.477600 0.576923 0.478400 0.575385 0.478400 0.569231 0.477600 0.567692 0.474400 0.567692 0.473600 0.569231 0.473600 0.570769 0.470400 0.576923 0.464000 0.576923 0.463200 0.578462 0.462400 0.578462 0.462400 0.581538 0.460000 0.586154 0.460000 0.590769 0.458400 0.593846 0.456000 0.593846 0.455200 0.595385 0.454400 0.595385 0.454400 0.606154 0.453600 0.607692 0.452800 0.607692 0.452000 0.609231 0.451200 0.609231 0.450400 0.610769 0.448800 0.610769 0.448000 0.612308 0.446400 0.612308 0.445600 0.613846 0.440000 0.613846 0.440000 0.616923 0.438400 0.620000 0.436000 0.620000 0.436000 0.623077 0.435200 0.624615 0.432800 0.624615 0.432800 0.627692 0.432000 0.629231 0.429600 0.629231 0.429600 0.633846 0.428000 0.636923 0.425600 0.636923 0.424800 0.638462 0.424000 0.638462 0.422400 0.641538 0.422400 0.643077 0.421600 0.644615 0.421600 0.647692 0.420800 0.649231 0.420800 0.650769 0.420000 0.652308 0.420000 0.653846 0.417600 0.658462 0.414400 0.658462 0.413600 0.660000 0.396800 0.660000 0.396000 0.658462 0.391200 0.658462 0.390400 0.656923 0.387200 0.656923 0.386400 0.655385 0.385600 0.655385 0.384800 0.653846 0.384000 0.653846 0.383200 0.652308 0.381600 0.652308 0.380800 0.650769 0.380000 0.650769 0.379200 0.649231 0.376800 0.649231 0.376000 0.647692 0.375200 0.647692 0.374400 0.646154 0.373600 0.646154 0.372000 0.643077 0.371200 0.643077 0.369600 0.640000 0.369600 0.638462 0.368800 0.636923 0.369600 0.635385 0.370400 0.635385 0.371200 0.633846 0.371200 0.627692 0.369600 0.627692 0.368800 0.626154 0.367200 0.626154 0.366400 0.624615 0.365600 0.624615 0.363200 0.620000 0.362400 0.620000 0.360000 0.615385 0.360000 0.613846 0.359200 0.612308 0.357600 0.612308 0.356800 0.610769 0.356000 0.610769 0.354400 0.607692 0.352800 0.607692 0.352000 0.606154 0.350400 0.606154 0.348800 0.603077 0.348000 0.603077 0.347200 0.601538 0.347200 0.600000 0.346400 0.598462 0.346400 0.596923 0.345600 0.595385 0.345600 0.593846 0.344800 0.592308 0.344800 0.589231 0.344000 0.587692 0.344000 0.586154 0.343200 0.584615 0.343200 0.581538 0.340000 0.575385 0.340800 0.573846 0.345600 0.573846 0.345600 0.566154 0.348000 0.561538 0.348000 0.553846 0.347200 0.552308 0.348000 0.550769 0.348000 0.549231 0.348800 0.547692 0.348800 0.546154 0.350400 0.543077 0.350400 0.541538 0.351200 0.540000 0.352800 0.540000 0.352800 0.538462 0.353600 0.536923 0.353600 0.526154 0.354400 0.524615 0.354400 0.518462 0.353600 0.518462 0.352800 0.516923 0.352800 0.507692 0.352000 0.507692 0.351200 0.506154 0.351200 0.503077 0.346400 0.503077 0.346400 0.504615 0.345600 0.506154 0.344800 0.506154 0.344000 0.504615 0.344000 0.498462 0.340800 0.498462 0.340000 0.496923 0.340000 0.493846 0.339200 0.492308 0.334400 0.492308 0.332800 0.495385 0.332000 0.495385 0.331200 0.496923 0.328000 0.496923 0.325600 0.492308
3 0.960800 0.000000 0.960000 0.001538 0.960000 0.004615 0.957600 0.009231 0.957600 0.010769 0.956800 0.012308 0.956800 0.013846 0.956000 0.015385 0.956000 0.018462 0.954400 0.021538 0.954400 0.023077 0.953600 0.024615 0.953600 0.026154 0.952800 0.027692 0.952800 0.029231 0.951200 0.032308 0.951200 0.033846 0.950400 0.035385 0.950400 0.038462 0.949600 0.040000 0.948800 0.040000 0.948800 0.043077 0.948000 0.044615 0.948000 0.046154 0.945600 0.050769 0.945600 0.053846 0.943200 0.058462 0.943200 0.061538 0.941600 0.064615 0.941600 0.066154 0.940800 0.067692 0.940800 0.069231 0.939200 0.072308 0.939200 0.073846 0.938400 0.075385 0.938400 0.076923 0.937600 0.078462 0.937600 0.080000 0.936000 0.083077 0.936000 0.084615 0.933600 0.089231 0.933600 0.092308 0.930400 0.098462 0.930400 0.101538 0.928800 0.104615 0.928000 0.104615 0.928000 0.107692 0.926400 0.110769 0.925600 0.110769 0.925600 0.112308 0.924800 0.113846 0.924800 0.115385 0.924000 0.116923 0.923200 0.116923 0.922400 0.118462 0.922400 0.120000 0.921600 0.121538 0.920800 0.121538 0.920000 0.123077 0.920000 0.124615 0.918400 0.127692 0.918400 0.129231 0.917600 0.130769 0.916800 0.130769 0.916800 0.132308 0.916000 0.133846 0.915200 0.133846 0.914400 0.135385 0.914400 0.136923 0.913600 0.138462 0.913600 0.140000 0.912000 0.143077 0.911200 0.143077 0.911200 0.147692 0.908800 0.152308 0.908000 0.152308 0.907200 0.153846 0.904800 0.153846 0.902400 0.158462 0.901600 0.158462 0.900000 0.161538 0.900000 0.163077 0.899200 0.164615 0.898400 0.164615 0.896000 0.169231 0.896000 0.170769 0.895200 0.172308 0.894400 0.172308 0.891200 0.178462 0.890400 0.178462 0.881600 0.195385 0.880800 0.195385 0.880800 0.196923 0.872800 0.212308 0.872800 0.215385 0.872000 0.216923 0.870400 0.216923 0.868800 0.220000 0.868800 0.221538 0.864800 0.229231 0.864000 0.229231 0.864000 0.230769 0.861600 0.235385 0.860800 0.235385 0.860800 0.240000 0.860000 0.241538 0.858400 0.241538 0.858400 0.243077 0.857600 0.244615 0.857600 0.246154 0.852000 0.256923 0.852000 0.258462 0.848800 0.264615 0.848800 0.266154 0.846400 0.270769 0.846400 0.272308 0.843200 0.278462 0.843200 0.280000 0.841600 0.283077 0.841600 0.284615 0.837600 0.292308 0.837600 0.293846 0.833600 0.301538 0.833600 0.303077 0.818400 0.332308 0.817600 0.332308 0.812800 0.341538 0.812000 0.341538 0.807200 0.350769 0.806400 0.350769 0.804800 0.353846 0.804000 0.353846 0.802400 0.356923 0.801600 0.356923 0.800800 0.358462 0.800000 0.358462 0.800000 0.360000 0.799200 0.361538 0.798400 0.361538 0.797600 0.363077 0.796800 0.363077 0.796000 0.364615 0.795200 0.364615 0.794400 0.366154 0.793600 0.366154 0.792800 0.367692 0.791200 0.367692 0.790400 0.369231 0.788000 0.369231 0.787200 0.370769 0.786400 0.370769 0.785600 0.372308 0.784800 0.372308 0.784000 0.373846 0.782400 0.373846 0.781600 0.375385 0.779200 0.375385 0.778400 0.376923 0.775200 0.376923 0.774400 0.378462 0.772800 0.378462 0.772000 0.380000 0.762400 0.380000 0.761600 0.378462 0.760800 0.378462 0.760000 0.376923 0.759200 0.376923 0.758400 0.375385 0.757600 0.375385 0.756000 0.372308 0.755200 0.372308 0.754400 0.370769 0.754400 0.369231 0.752800 0.366154 0.752800 0.364615 0.752000 0.363077 0.752800 0.361538 0.754400 0.361538 0.754400 0.352308 0.753600 0.352308 0.752800 0.350769 0.753600 0.349231 0.753600 0.343077 0.752000 0.343077 0.751200 0.341538 0.751200 0.340000 0.750400 0.340000 0.749600 0.338462 0.749600 0.336923 0.748000 0.333846 0.748000 0.332308 0.746400 0.329231 0.746400 0.327692 0.745600 0.327692 0.743200 0.323077 0.743200 0.320000 0.740000 0.320000 0.739200 0.321538 0.739200 0.323077 0.738400 0.324615 0.738400 0.326154 0.737600 0.327692 0.737600 0.332308 0.736800 0.333846 0.736800 0.335385 0.736000 0.336923 0.736000 0.341538 0.735200 0.343077 0.735200 0.358462 0.737600 0.358462 0.738400 0.360000 0.738400 0.361538 0.739200 0.363077 0.739200 0.372308 0.744000 0.381538 0.744000 0.393846 0.743200 0.395385 0.742400 0.395385 0.741600 0.396923 0.740000 0.396923 0.739200 0.398462 0.739200 0.400000 0.738400 0.401538 0.738400 0.403077 0.737600 0.404615 0.737600 0.410769 0.738400 0.410769 0.739200 0.412308 0.740800 0.412308 0.741600 0.413846 0.741600 0.415385 0.742400 0.415385 0.744000 0.418462 0.743200 0.420000 0.742400 0.420000 0.741600 0.421538 0.740800 0.421538 0.740800 0.429231 0.741600 0.429231 0.743200 0.432308 0.743200 0.433846 0.748800 0.433846 0.749600 0.435385 0.749600 0.436923 0.750400 0.438462 0.751200 0.438462 0.752000 0.440000 0.752000 0.443077 0.752800 0.444615 0.752800 0.446154 0.753600 0.447692 0.753600 0.449231 0.756800 0.449231 0.757600 0.450769 0.757600 0.460000 0.758400 0.461538 0.758400 0.467692 0.759200 0.469231 0.760000 0.469231 0.761600 0.472308 0.760800 0.473846 0.760800 0.492308 0.760000 0.493846 0.760000 0.495385 0.759200 0.496923 0.759200 0.500000 0.757600 0.503077 0.756800 0.503077 0.756800 0.510769 0.756000 0.512308 0.756000 0.516923 0.754400 0.520000 0.754400 0.526154 0.756800 0.530769 0.756800 0.532308 0.757600 0.533846 0.757600 0.535385 0.758400 0.536923 0.758400 0.552308 0.757600 0.553846 0.757600 0.566154 0.756800 0.567692 0.756800 0.584615 0.757600 0.586154 0.757600 0.589231 0.756800 0.590769 0.756800 0.595385 0.756000 0.596923 0.756000 0.598462 0.754400 0.601538 0.753600 0.601538 0.753600 0.604615 0.752800 0.606154 0.752800 0.609231 0.752000 0.610769 0.752000 0.613846 0.751200 0.615385 0.750400 0.615385 0.750400 0.618462 0.749600 0.620000 0.749600 0.621538 0.748000 0.624615 0.748000 0.626154 0.746400 0.629231 0.746400 0.630769 0.745600 0.632308 0.744800 0.632308 0.744800 0.633846 0.744000 0.635385 0.744000 0.636923 0.743200 0.638462 0.743200 0.640000 0.740800 0.644615 0.740800 0.646154 0.736800 0.653846 0.736800 0.655385 0.736000 0.656923 0.735200 0.656923 0.735200 0.658462 0.732800 0.663077 0.732800 0.664615 0.730400 0.669231 0.729600 0.669231 0.729600 0.670769 0.728000 0.673846 0.727200 0.673846 0.726400 0.675385 0.725600 0.675385 0.725600 0.676923 0.724000 0.680000 0.722400 0.680000 0.722400 0.683077 0.717600 0.692308 0.716800 0.692308 0.716000 0.693846 0.715200 0.693846 0.714400 0.695385 0.714400 0.696923 0.712800 0.700000 0.712000 0.700000 0.710400 0.703077 0.709600 0.703077 0.709600 0.704615 0.708800 0.706154 0.708000 0.706154 0.707200 0.707692 0.704800 0.707692 0.704000 0.709231 0.703200 0.709231 0.703200 0.713846 0.702400 0.715385 0.701600 0.715385 0.699200 0.720000 0.698400 0.720000 0.697600 0.721538 0.696800 0.721538 0.696000 0.723077 0.695200 0.723077 0.695200 0.724615 0.694400 0.726154 0.693600 0.726154 0.692000 0.729231 0.691200 0.729231 0.690400 0.730769 0.689600 0.730769 0.689600 0.732308 0.688000 0.735385 0.684800 0.735385 0.683200 0.738462 0.680800 0.738462 0.680000 0.740000 0.680000 0.743077 0.679200 0.744615 0.678400 0.744615 0.676800 0.747692 0.676000 0.747692 0.675200 0.749231 0.674400 0.749231 0.672000 0.753846 0.670400 0.753846 0.668800 0.756923 0.668800 0.758462 0.668000 0.760000 0.664800 0.760000 0.664000 0.761538 0.663200 0.761538 0.662400 0.763077 0.661600 0.763077 0.660000 0.766154 0.659200 0.766154 0.658400 0.767692 0.656800 0.767692 0.656000 0.769231 0.655200 0.769231 0.654400 0.770769 0.653600 0.770769 0.652800 0.772308 0.651200 0.772308 0.650400 0.773846 0.649600 0.773846 0.648800 0.775385 0.648000 0.775385 0.647200 0.776923 0.646400 0.776923 0.645600 0.778462 0.641600 0.778462 0.641600 0.780000 0.640000 0.783077 0.639200 0.781538 0.636000 0.781538 0.635200 0.783077 0.634400 0.783077 0.632800 0.786154 0.631200 0.786154 0.631200 0.787692 0.630400 0.789231 0.629600 0.789231 0.628800 0.790769 0.626400 0.790769 0.626400 0.792308 0.624000 0.796923 0.623200 0.796923 0.621600 0.800000 0.620800 0.800000 0.619200 0.803077 0.618400 0.803077 0.617600 0.804615 0.616000 0.804615 0.614400 0.807692 0.608800 0.807692 0.608800 0.813846 0.607200 0.816923 0.606400 0.816923 0.606400 0.820000 0.605600 0.821538 0.605600 0.826154 0.604800 0.827692 0.604000 0.827692 0.604000 0.844615 0.604800 0.846154 0.605600 0.846154 0.606400 0.847692 0.606400 0.849231 0.607200 0.850769 0.607200 0.853846 0.608800 0.856923 0.608800 0.861538 0.607200 0.864615 0.607200 0.876923 0.608000 0.878462 0.608000 0.886154 0.608800 0.886154 0.609600 0.887692 0.609600 0.890769 0.610400 0.892308 0.610400 0.896923 0.613600 0.903077 0.613600 0.904615 0.614400 0.906154 0.614400 0.909231 0.615200 0.910769 0.615200 0.912308 0.616000 0.913846 0.616000 0.915385 0.616800 0.916923 0.616800 0.921538 0.618400 0.924615 0.618400 0.926154 0.619200 0.927692 0.619200 0.935385 0.620000 0.936923 0.620000 0.938462 0.621600 0.938462 0.623200 0.941538 0.623200 0.943077 0.624800 0.946154 0.624800 0.947692 0.625600 0.949231 0.625600 0.950769 0.626400 0.952308 0.626400 0.955385 0.627200 0.955385 0.628000 0.956923 0.628000 0.958462 0.628800 0.960000 0.628800 0.961538 0.629600 0.963077 0.629600 0.964615 0.631200 0.967692 0.631200 0.972308 0.632000 0.973846 0.632000 0.975385 0.632800 0.976923 0.632800 0.983077 0.634400 0.983077 0.635200 0.984615 0.635200 0.989231 0.636000 0.990769 0.636000 0.992308 0.635200 0.993846 0.635200 0.998462 0.662400 0.998462 0.662400 0.996923 0.664800 0.992308 0.665600 0.992308 0.666400 0.990769 0.667200 0.990769 0.668000 0.989231 0.668800 0.989231 0.668800 0.987692 0.670400 0.984615 0.671200 0.984615 0.672000 0.983077 0.673600 0.983077 0.674400 0.981538 0.676800 0.981538 0.677600 0.980000 0.686400 0.980000 0.687200 0.981538 0.688800 0.981538 0.689600 0.983077 0.692800 0.983077 0.693600 0.984615 0.696000 0.984615 0.696800 0.986154 0.698400 0.986154 0.699200 0.987692 0.700000 0.987692 0.700800 0.989231 0.702400 0.989231 0.703200 0.990769 0.704800 0.990769 0.705600 0.992308 0.706400 0.992308 0.708000 0.995385 0.708800 0.995385 0.709600 0.996923 0.710400 0.996923 0.711200 0.998462 0.999200 0.998462 0.999200 0.000000
