2 0.506400 0.755385 0.506400 0.773846 0.507200 0.775385 0.507200 0.783077 0.506400 0.784615 0.505600 0.784615 0.504800 0.786154 0.504000 0.786154 0.503200 0.787692 0.501600 0.787692 0.501600 0.790769 0.504000 0.795385 0.504000 0.796923 0.505600 0.796923 0.507200 0.800000 0.507200 0.816923 0.508800 0.816923 0.508800 0.815385 0.509600 0.813846 0.509600 0.804615 0.510400 0.803077 0.510400 0.800000 0.511200 0.798462 0.511200 0.795385 0.512000 0.793846 0.513600 0.793846 0.514400 0.792308 0.514400 0.787692 0.512000 0.787692 0.511200 0.786154 0.511200 0.784615 0.510400 0.783077 0.510400 0.781538 0.509600 0.780000 0.509600 0.767692 0.508800 0.766154 0.508800 0.760000 0.508000 0.758462 0.508000 0.755385
2 0.472000 0.744615 0.472000 0.746154 0.471200 0.747692 0.471200 0.756923 0.472000 0.758462 0.472000 0.766154 0.473600 0.766154 0.474400 0.764615 0.474400 0.756923 0.475200 0.755385 0.475200 0.749231 0.474400 0.747692 0.474400 0.746154 0.473600 0.744615
2 0.148800 0.647692 0.148800 0.653846 0.148000 0.655385 0.148000 0.656923 0.146400 0.660000 0.146400 0.663077 0.147200 0.663077 0.148800 0.666154 0.148800 0.669231 0.149600 0.670769 0.151200 0.670769 0.151200 0.669231 0.152800 0.666154 0.152800 0.660000 0.152000 0.658462 0.152000 0.653846 0.151200 0.652308 0.151200 0.647692
2 0.180800 0.600000 0.180800 0.610769 0.180000 0.612308 0.180000 0.618462 0.180800 0.620000 0.180800 0.623077 0.182400 0.626154 0.184000 0.626154 0.184000 0.621538 0.184800 0.620000 0.184800 0.615385 0.184000 0.613846 0.184000 0.606154 0.183200 0.604615 0.183200 0.601538 0.182400 0.600000
2 0.474400 0.389231 0.473600 0.390769 0.473600 0.392308 0.472800 0.393846 0.472800 0.396923 0.471200 0.400000 0.469600 0.400000 0.469600 0.403077 0.472000 0.403077 0.473600 0.406154 0.473600 0.412308 0.475200 0.415385 0.475200 0.420000 0.476000 0.420000 0.476800 0.421538 0.476000 0.423077 0.476000 0.426154 0.476800 0.427692 0.476800 0.432308 0.477600 0.433846 0.479200 0.433846 0.479200 0.426154 0.480000 0.424615 0.480000 0.421538 0.479200 0.420000 0.479200 0.416923 0.478400 0.416923 0.476800 0.413846 0.476800 0.412308 0.476000 0.410769 0.476800 0.409231 0.476800 0.406154 0.477600 0.404615 0.478400 0.404615 0.479200 0.403077 0.480000 0.403077 0.480000 0.400000 0.477600 0.395385 0.476800 0.395385 0.476000 0.393846 0.476000 0.389231
2 0.391200 0.387692 0.391200 0.390769 0.392000 0.392308 0.392000 0.423077 0.391200 0.424615 0.391200 0.426154 0.390400 0.427692 0.389600 0.427692 0.388000 0.430769 0.384000 0.430769 0.383200 0.432308 0.382400 0.432308 0.381600 0.433846 0.381600 0.436923 0.382400 0.438462 0.383200 0.438462 0.384800 0.441538 0.387200 0.441538 0.388000 0.443077 0.388800 0.443077 0.389600 0.444615 0.390400 0.444615 0.391200 0.446154 0.391200 0.447692 0.392000 0.449231 0.392000 0.473846 0.392800 0.475385 0.392800 0.481538 0.394400 0.481538 0.394400 0.452308 0.395200 0.450769 0.395200 0.449231 0.396000 0.447692 0.396000 0.446154 0.398400 0.441538 0.401600 0.441538 0.402400 0.440000 0.404800 0.440000 0.404800 0.436923 0.404000 0.435385 0.403200 0.435385 0.401600 0.432308 0.401600 0.430769 0.397600 0.430769 0.396000 0.427692 0.396000 0.424615 0.395200 0.423077 0.395200 0.409231 0.394400 0.407692 0.394400 0.392308 0.393600 0.390769 0.393600 0.387692
2 0.437600 0.289231 0.436800 0.290769 0.436800 0.292308 0.436000 0.293846 0.436000 0.296923 0.436800 0.298462 0.436800 0.303077 0.436000 0.304615 0.436000 0.307692 0.436800 0.309231 0.436800 0.315385 0.436000 0.316923 0.436000 0.323077 0.435200 0.324615 0.433600 0.324615 0.432800 0.326154 0.429600 0.326154 0.429600 0.333846 0.430400 0.335385 0.430400 0.336923 0.431200 0.338462 0.432000 0.338462 0.432800 0.340000 0.432800 0.344615 0.433600 0.344615 0.434400 0.346154 0.435200 0.346154 0.436000 0.347692 0.436000 0.349231 0.436800 0.349231 0.437600 0.350769 0.437600 0.355385 0.438400 0.356923 0.438400 0.373846 0.439200 0.375385 0.440800 0.375385 0.440800 0.358462 0.441600 0.356923 0.441600 0.350769 0.442400 0.349231 0.443200 0.349231 0.444800 0.346154 0.448800 0.346154 0.448800 0.343077 0.448000 0.341538 0.448800 0.340000 0.449600 0.340000 0.449600 0.335385 0.448000 0.335385 0.447200 0.333846 0.448000 0.332308 0.448000 0.327692 0.447200 0.327692 0.446400 0.326154 0.445600 0.326154 0.444800 0.324615 0.444000 0.324615 0.443200 0.323077 0.443200 0.320000 0.442400 0.318462 0.442400 0.316923 0.441600 0.315385 0.441600 0.309231 0.440800 0.307692 0.440800 0.290769 0.440000 0.289231
2 0.492800 0.149231 0.492800 0.167692 0.491200 0.170769 0.487200 0.170769 0.487200 0.175385 0.488800 0.175385 0.489600 0.176923 0.489600 0.178462 0.488800 0.180000 0.488800 0.183077 0.489600 0.183077 0.490400 0.184615 0.490400 0.189231 0.492000 0.189231 0.492800 0.190769 0.492800 0.195385 0.493600 0.196923 0.493600 0.201538 0.494400 0.203077 0.496000 0.203077 0.496000 0.201538 0.496800 0.200000 0.496800 0.190769 0.497600 0.189231 0.499200 0.189231 0.499200 0.186154 0.500800 0.183077 0.500800 0.180000 0.500000 0.178462 0.500000 0.176923 0.500800 0.175385 0.500800 0.172308 0.499200 0.172308 0.498400 0.170769 0.497600 0.170769 0.496800 0.169231 0.496800 0.163077 0.496000 0.161538 0.496000 0.156923 0.495200 0.155385 0.495200 0.149231
2 0.378400 0.072308 0.378400 0.098462 0.379200 0.100000 0.379200 0.107692 0.381600 0.107692 0.381600 0.100000 0.383200 0.096923 0.383200 0.092308 0.382400 0.090769 0.382400 0.087692 0.381600 0.086154 0.381600 0.080000 0.380800 0.080000 0.380000 0.078462 0.380000 0.072308
2 0.440000 0.010769 0.439200 0.012308 0.439200 0.020000 0.440000 0.021538 0.440000 0.029231 0.440800 0.030769 0.442400 0.030769 0.442400 0.013846 0.441600 0.012308 0.441600 0.010769
