0 0.496000 0.600000 0.495200 0.601538 0.494400 0.601538 0.492800 0.604615 0.491200 0.604615 0.490400 0.606154 0.487200 0.606154 0.486400 0.607692 0.486400 0.610769 0.485600 0.612308 0.482400 0.612308 0.481600 0.613846 0.480000 0.613846 0.479200 0.615385 0.479200 0.618462 0.476000 0.624615 0.476000 0.626154 0.474400 0.629231 0.474400 0.633846 0.478400 0.641538 0.480000 0.641538 0.480800 0.640000 0.480800 0.638462 0.481600 0.636923 0.483200 0.636923 0.484000 0.638462 0.484000 0.640000 0.484800 0.641538 0.484800 0.644615 0.485600 0.646154 0.487200 0.646154 0.488000 0.644615 0.488000 0.641538 0.488800 0.640000 0.488800 0.630769 0.488000 0.629231 0.487200 0.629231 0.486400 0.627692 0.486400 0.626154 0.487200 0.624615 0.487200 0.623077 0.488000 0.621538 0.488800 0.621538 0.489600 0.620000 0.489600 0.618462 0.491200 0.615385 0.494400 0.615385 0.496800 0.610769 0.498400 0.610769 0.499200 0.609231 0.500000 0.609231 0.500800 0.607692 0.500800 0.603077 0.500000 0.601538 0.498400 0.601538 0.497600 0.600000
0 0.459200 0.578462 0.456000 0.584615 0.456000 0.587692 0.458400 0.592308 0.458400 0.598462 0.459200 0.600000 0.461600 0.600000 0.462400 0.598462 0.463200 0.598462 0.464000 0.596923 0.464000 0.595385 0.464800 0.593846 0.464800 0.592308 0.465600 0.590769 0.465600 0.587692 0.464800 0.586154 0.464800 0.584615 0.463200 0.581538 0.462400 0.581538 0.460800 0.578462
0 0.548000 0.567692 0.546400 0.570769 0.544800 0.570769 0.544000 0.572308 0.543200 0.572308 0.542400 0.573846 0.541600 0.573846 0.540800 0.572308 0.537600 0.572308 0.536800 0.573846 0.536800 0.576923 0.537600 0.578462 0.536000 0.581538 0.533600 0.581538 0.532800 0.583077 0.531200 0.583077 0.530400 0.581538 0.528000 0.581538 0.527200 0.583077 0.527200 0.586154 0.526400 0.587692 0.524800 0.587692 0.524000 0.589231 0.524000 0.592308 0.525600 0.595385 0.532800 0.595385 0.535200 0.590769 0.540000 0.590769 0.540800 0.589231 0.540800 0.587692 0.541600 0.586154 0.542400 0.586154 0.544800 0.581538 0.548000 0.581538 0.548800 0.580000 0.549600 0.580000 0.550400 0.578462 0.551200 0.578462 0.553600 0.573846 0.553600 0.570769 0.552800 0.569231 0.550400 0.569231 0.549600 0.567692
0 0.579200 0.532308 0.578400 0.533846 0.578400 0.541538 0.579200 0.543077 0.579200 0.544615 0.580000 0.546154 0.581600 0.546154 0.583200 0.543077 0.588000 0.543077 0.588800 0.541538 0.590400 0.541538 0.591200 0.540000 0.591200 0.536923 0.590400 0.535385 0.588800 0.535385 0.588000 0.533846 0.584800 0.533846 0.584000 0.532308
0 0.532000 0.507692 0.529600 0.512308 0.528800 0.512308 0.528000 0.513846 0.528000 0.516923 0.529600 0.520000 0.531200 0.520000 0.532000 0.521538 0.532800 0.521538 0.534400 0.524615 0.536800 0.524615 0.539200 0.529231 0.540800 0.529231 0.542400 0.526154 0.544800 0.526154 0.545600 0.524615 0.546400 0.524615 0.548000 0.527692 0.548800 0.527692 0.549600 0.529231 0.549600 0.530769 0.550400 0.532308 0.553600 0.532308 0.554400 0.530769 0.556000 0.530769 0.556800 0.532308 0.559200 0.532308 0.560000 0.530769 0.560000 0.529231 0.560800 0.527692 0.560800 0.524615 0.560000 0.523077 0.560000 0.521538 0.557600 0.516923 0.557600 0.512308 0.556800 0.510769 0.555200 0.510769 0.552800 0.515385 0.552000 0.515385 0.551200 0.513846 0.549600 0.513846 0.548800 0.515385 0.546400 0.515385 0.544800 0.512308 0.541600 0.512308 0.540800 0.510769 0.537600 0.510769 0.536000 0.507692
0 0.527200 0.487692 0.526400 0.489231 0.523200 0.489231 0.520800 0.493846 0.519200 0.493846 0.518400 0.495385 0.518400 0.501538 0.519200 0.503077 0.520800 0.503077 0.521600 0.501538 0.522400 0.503077 0.523200 0.503077 0.524000 0.504615 0.524000 0.506154 0.524800 0.507692 0.526400 0.507692 0.531200 0.498462 0.531200 0.493846 0.530400 0.492308 0.530400 0.490769 0.528800 0.487692
0 0.508800 0.469231 0.508000 0.470769 0.508000 0.472308 0.507200 0.473846 0.507200 0.478462 0.508800 0.481538 0.508800 0.483077 0.511200 0.487692 0.514400 0.487692 0.515200 0.486154 0.515200 0.475385 0.513600 0.472308 0.512800 0.472308 0.512000 0.470769 0.511200 0.470769 0.510400 0.469231
0 0.535200 0.463077 0.534400 0.464615 0.534400 0.467692 0.536800 0.472308 0.536800 0.473846 0.540000 0.480000 0.541600 0.480000 0.542400 0.478462 0.543200 0.478462 0.544000 0.476923 0.544800 0.476923 0.545600 0.475385 0.545600 0.472308 0.544800 0.470769 0.544000 0.470769 0.540000 0.463077
0 0.476800 0.458462 0.476000 0.460000 0.476000 0.461538 0.474400 0.464615 0.474400 0.469231 0.476000 0.472308 0.478400 0.472308 0.479200 0.473846 0.482400 0.473846 0.483200 0.472308 0.483200 0.469231 0.480800 0.464615 0.480800 0.461538 0.479200 0.458462
0 0.546400 0.456923 0.544000 0.461538 0.544000 0.464615 0.545600 0.467692 0.546400 0.467692 0.548000 0.470769 0.549600 0.470769 0.550400 0.469231 0.550400 0.461538 0.548000 0.456923
0 0.516000 0.412308 0.515200 0.413846 0.515200 0.418462 0.517600 0.423077 0.520000 0.423077 0.520800 0.421538 0.520800 0.413846 0.520000 0.412308
0 0.473600 0.409231 0.472000 0.412308 0.472000 0.416923 0.472800 0.418462 0.475200 0.418462 0.476000 0.420000 0.478400 0.420000 0.479200 0.418462 0.479200 0.412308 0.478400 0.410769 0.476000 0.410769 0.475200 0.409231
0 0.469600 0.332308 0.468000 0.335385 0.467200 0.335385 0.466400 0.333846 0.464800 0.333846 0.462400 0.338462 0.462400 0.344615 0.464800 0.349231 0.468000 0.349231 0.468800 0.350769 0.469600 0.350769 0.470400 0.352308 0.470400 0.355385 0.469600 0.356923 0.468800 0.356923 0.466400 0.361538 0.466400 0.369231 0.467200 0.370769 0.468800 0.370769 0.469600 0.369231 0.470400 0.370769 0.471200 0.370769 0.472000 0.372308 0.472000 0.378462 0.471200 0.380000 0.471200 0.387692 0.472000 0.389231 0.476800 0.389231 0.477600 0.387692 0.478400 0.389231 0.478400 0.390769 0.479200 0.392308 0.479200 0.395385 0.480000 0.396923 0.484800 0.396923 0.486400 0.400000 0.488800 0.400000 0.490400 0.403077 0.489600 0.404615 0.488800 0.404615 0.488000 0.406154 0.488000 0.409231 0.487200 0.410769 0.484000 0.410769 0.483200 0.412308 0.483200 0.415385 0.487200 0.423077 0.487200 0.426154 0.488000 0.427692 0.487200 0.429231 0.487200 0.435385 0.488000 0.436923 0.490400 0.436923 0.492000 0.433846 0.492000 0.432308 0.492800 0.430769 0.493600 0.430769 0.495200 0.427692 0.495200 0.424615 0.494400 0.423077 0.496000 0.420000 0.498400 0.420000 0.499200 0.421538 0.500800 0.421538 0.502400 0.418462 0.503200 0.418462 0.504000 0.420000 0.505600 0.420000 0.508000 0.415385 0.508000 0.412308 0.508800 0.410769 0.508800 0.401538 0.511200 0.396923 0.512000 0.398462 0.516000 0.398462 0.517600 0.395385 0.517600 0.393846 0.518400 0.392308 0.519200 0.392308 0.520000 0.393846 0.520000 0.395385 0.520800 0.396923 0.523200 0.396923 0.524000 0.395385 0.524000 0.393846 0.524800 0.392308 0.524800 0.384615 0.525600 0.383077 0.526400 0.384615 0.528000 0.384615 0.529600 0.381538 0.529600 0.376923 0.528800 0.375385 0.528000 0.375385 0.527200 0.373846 0.526400 0.373846 0.525600 0.372308 0.525600 0.367692 0.527200 0.364615 0.527200 0.363077 0.528800 0.360000 0.528800 0.356923 0.527200 0.353846 0.527200 0.350769 0.526400 0.349231 0.526400 0.344615 0.524000 0.340000 0.522400 0.340000 0.520800 0.336923 0.519200 0.336923 0.517600 0.340000 0.517600 0.343077 0.519200 0.346154 0.519200 0.347692 0.517600 0.350769 0.516800 0.349231 0.515200 0.349231 0.513600 0.352308 0.512000 0.352308 0.511200 0.350769 0.508800 0.350769 0.508000 0.349231 0.506400 0.349231 0.505600 0.350769 0.502400 0.350769 0.501600 0.349231 0.501600 0.347692 0.500800 0.346154 0.500000 0.346154 0.499200 0.344615 0.496800 0.344615 0.495200 0.341538 0.493600 0.341538 0.492000 0.338462 0.491200 0.338462 0.490400 0.336923 0.489600 0.336923 0.488800 0.335385 0.488000 0.335385 0.487200 0.333846 0.484000 0.333846 0.483200 0.335385 0.483200 0.336923 0.482400 0.338462 0.481600 0.338462 0.480800 0.336923 0.477600 0.336923 0.476800 0.335385 0.473600 0.335385 0.472000 0.332308
