0 0.678400 0.953846 0.678400 0.956923 0.676000 0.961538 0.675200 0.961538 0.674400 0.963077 0.672800 0.960000 0.671200 0.960000 0.671200 0.964615 0.672000 0.966154 0.672000 0.967692 0.671200 0.969231 0.671200 0.976923 0.670400 0.978462 0.668800 0.978462 0.667200 0.981538 0.666400 0.981538 0.665600 0.983077 0.664800 0.983077 0.664800 0.986154 0.665600 0.987692 0.665600 0.989231 0.664800 0.990769 0.664000 0.990769 0.663200 0.992308 0.661600 0.992308 0.660800 0.993846 0.660000 0.993846 0.660000 0.998462 0.663200 0.998462 0.664000 0.996923 0.665600 0.996923 0.666400 0.995385 0.666400 0.990769 0.667200 0.989231 0.668800 0.989231 0.668800 0.986154 0.670400 0.983077 0.670400 0.978462 0.671200 0.976923 0.672800 0.976923 0.672800 0.975385 0.673600 0.973846 0.675200 0.976923 0.676800 0.976923 0.676800 0.975385 0.677600 0.973846 0.677600 0.970769 0.676800 0.969231 0.676800 0.967692 0.679200 0.963077 0.680000 0.963077 0.680800 0.961538 0.680800 0.960000 0.682400 0.956923 0.682400 0.953846
0 0.168800 0.786154 0.168800 0.789231 0.169600 0.790769 0.169600 0.793846 0.171200 0.793846 0.172000 0.792308 0.172000 0.786154
0 0.164000 0.778462 0.163200 0.780000 0.161600 0.780000 0.161600 0.784615 0.162400 0.784615 0.163200 0.786154 0.163200 0.787692 0.166400 0.787692 0.166400 0.783077 0.165600 0.781538 0.165600 0.778462
0 0.139200 0.764615 0.139200 0.769231 0.141600 0.769231 0.141600 0.766154 0.140800 0.764615
0 0.133600 0.760000 0.132800 0.761538 0.132800 0.764615 0.135200 0.764615 0.136000 0.763077 0.136000 0.760000
0 0.124800 0.750769 0.124800 0.753846 0.125600 0.753846 0.126400 0.755385 0.128800 0.755385 0.128800 0.752308 0.128000 0.750769
0 0.115200 0.741538 0.114400 0.743077 0.113600 0.743077 0.112800 0.744615 0.112800 0.747692 0.118400 0.747692 0.119200 0.746154 0.119200 0.743077 0.117600 0.743077 0.116800 0.741538
0 0.106400 0.726154 0.106400 0.729231 0.104800 0.732308 0.103200 0.732308 0.103200 0.735385 0.108800 0.735385 0.109600 0.736923 0.109600 0.738462 0.112800 0.738462 0.113600 0.736923 0.113600 0.733846 0.112800 0.733846 0.112000 0.732308 0.112000 0.730769 0.111200 0.729231 0.110400 0.729231 0.108800 0.726154
0 0.077600 0.704615 0.077600 0.709231 0.078400 0.710769 0.078400 0.712308 0.079200 0.713846 0.079200 0.715385 0.080000 0.715385 0.080800 0.716923 0.081600 0.716923 0.082400 0.718462 0.083200 0.718462 0.084000 0.720000 0.084000 0.721538 0.084800 0.723077 0.084800 0.724615 0.086400 0.724615 0.088000 0.721538 0.089600 0.721538 0.089600 0.716923 0.088800 0.716923 0.088000 0.715385 0.087200 0.715385 0.085600 0.712308 0.085600 0.707692 0.084000 0.707692 0.083200 0.706154 0.080000 0.706154 0.079200 0.704615
0 0.064800 0.692308 0.064800 0.698462 0.065600 0.698462 0.068000 0.703077 0.069600 0.703077 0.070400 0.701538 0.071200 0.701538 0.072000 0.703077 0.072000 0.704615 0.075200 0.704615 0.076000 0.703077 0.076000 0.700000 0.075200 0.700000 0.074400 0.698462 0.073600 0.698462 0.072000 0.695385 0.071200 0.695385 0.070400 0.693846 0.070400 0.692308 0.068000 0.692308 0.067200 0.693846 0.066400 0.692308
0 0.041600 0.670769 0.041600 0.675385 0.042400 0.676923 0.043200 0.676923 0.044000 0.678462 0.045600 0.678462 0.046400 0.680000 0.046400 0.681538 0.047200 0.683077 0.048000 0.683077 0.048800 0.684615 0.048800 0.689231 0.049600 0.690769 0.051200 0.690769 0.052000 0.689231 0.052800 0.690769 0.054400 0.690769 0.056000 0.693846 0.056000 0.695385 0.056800 0.695385 0.057600 0.696923 0.060000 0.696923 0.060800 0.695385 0.060800 0.692308 0.060000 0.690769 0.058400 0.690769 0.057600 0.689231 0.057600 0.687692 0.056800 0.687692 0.055200 0.684615 0.055200 0.683077 0.054400 0.681538 0.054400 0.678462 0.052000 0.678462 0.051200 0.680000 0.049600 0.676923 0.048800 0.676923 0.047200 0.673846 0.045600 0.673846 0.044800 0.672308 0.044000 0.672308 0.043200 0.670769
0 0.012000 0.664615 0.011200 0.666154 0.008800 0.666154 0.008800 0.670769 0.009600 0.670769 0.012000 0.675385 0.013600 0.675385 0.014400 0.673846 0.015200 0.673846 0.016000 0.675385 0.016000 0.676923 0.019200 0.676923 0.020000 0.678462 0.021600 0.678462 0.022400 0.676923 0.023200 0.676923 0.024000 0.675385 0.028800 0.675385 0.029600 0.673846 0.033600 0.673846 0.033600 0.670769 0.032800 0.669231 0.032800 0.667692 0.025600 0.667692 0.024800 0.666154 0.023200 0.666154 0.022400 0.667692 0.016000 0.667692 0.015200 0.666154 0.014400 0.666154 0.013600 0.664615
0 0.000000 0.661538 0.000000 0.667692 0.004000 0.667692 0.004000 0.664615 0.003200 0.663077 0.003200 0.661538 0.001600 0.661538 0.000800 0.663077
0 0.990400 0.241538 0.989600 0.243077 0.984800 0.243077 0.984800 0.246154 0.984000 0.247692 0.982400 0.247692 0.982400 0.249231 0.981600 0.250769 0.980800 0.249231 0.976800 0.249231 0.974400 0.253846 0.974400 0.255385 0.972800 0.258462 0.972000 0.258462 0.971200 0.260000 0.969600 0.260000 0.968800 0.261538 0.968800 0.263077 0.967200 0.266154 0.965600 0.266154 0.965600 0.267692 0.964800 0.269231 0.964800 0.270769 0.964000 0.272308 0.964000 0.273846 0.963200 0.275385 0.963200 0.276923 0.962400 0.278462 0.961600 0.278462 0.960800 0.280000 0.960000 0.280000 0.960000 0.283077 0.960800 0.283077 0.961600 0.284615 0.961600 0.286154 0.959200 0.290769 0.959200 0.292308 0.958400 0.293846 0.956800 0.293846 0.956800 0.295385 0.956000 0.296923 0.953600 0.296923 0.953600 0.300000 0.954400 0.301538 0.952800 0.304615 0.951200 0.304615 0.951200 0.312308 0.952000 0.313846 0.951200 0.315385 0.950400 0.315385 0.949600 0.313846 0.948000 0.313846 0.948000 0.315385 0.945600 0.320000 0.944800 0.320000 0.942400 0.324615 0.941600 0.324615 0.940800 0.326154 0.940800 0.327692 0.940000 0.329231 0.940000 0.330769 0.939200 0.332308 0.938400 0.332308 0.938400 0.333846 0.937600 0.335385 0.937600 0.341538 0.938400 0.343077 0.938400 0.346154 0.939200 0.347692 0.939200 0.350769 0.937600 0.353846 0.936800 0.353846 0.936800 0.355385 0.936000 0.356923 0.936000 0.358462 0.934400 0.361538 0.932000 0.361538 0.932000 0.364615 0.931200 0.366154 0.930400 0.366154 0.930400 0.367692 0.928800 0.370769 0.927200 0.370769 0.927200 0.372308 0.925600 0.375385 0.922400 0.375385 0.922400 0.376923 0.921600 0.378462 0.920800 0.376923 0.919200 0.376923 0.919200 0.384615 0.921600 0.389231 0.922400 0.389231 0.923200 0.390769 0.922400 0.392308 0.920000 0.392308 0.919200 0.390769 0.919200 0.389231 0.916800 0.389231 0.916000 0.390769 0.915200 0.390769 0.915200 0.393846 0.914400 0.395385 0.911200 0.395385 0.910400 0.396923 0.908800 0.396923 0.908000 0.398462 0.906400 0.398462 0.906400 0.400000 0.905600 0.401538 0.903200 0.401538 0.903200 0.407692 0.902400 0.409231 0.901600 0.407692 0.900000 0.407692 0.900000 0.409231 0.899200 0.410769 0.898400 0.410769 0.897600 0.412308 0.896000 0.412308 0.896000 0.423077 0.894400 0.426154 0.893600 0.426154 0.892800 0.427692 0.892000 0.427692 0.891200 0.429231 0.889600 0.429231 0.889600 0.432308 0.888800 0.433846 0.888000 0.433846 0.887200 0.435385 0.885600 0.435385 0.884800 0.436923 0.884000 0.436923 0.884000 0.438462 0.883200 0.440000 0.881600 0.440000 0.881600 0.441538 0.880000 0.444615 0.880000 0.446154 0.878400 0.449231 0.876800 0.449231 0.876000 0.450769 0.875200 0.449231 0.873600 0.449231 0.872800 0.450769 0.872800 0.452308 0.872000 0.453846 0.872000 0.455385 0.871200 0.456923 0.867200 0.456923 0.867200 0.458462 0.864800 0.463077 0.864800 0.466154 0.862400 0.470769 0.861600 0.470769 0.861600 0.472308 0.860000 0.475385 0.859200 0.475385 0.858400 0.476923 0.857600 0.476923 0.857600 0.478462 0.856800 0.480000 0.856800 0.484615 0.857600 0.486154 0.856000 0.489231 0.852800 0.489231 0.852000 0.490769 0.850400 0.490769 0.850400 0.492308 0.849600 0.493846 0.848000 0.493846 0.846400 0.496923 0.844800 0.496923 0.844000 0.498462 0.843200 0.498462 0.843200 0.503077 0.842400 0.504615 0.842400 0.509231 0.841600 0.510769 0.840000 0.510769 0.838400 0.513846 0.837600 0.513846 0.836800 0.515385 0.836800 0.516923 0.835200 0.520000 0.835200 0.523077 0.834400 0.524615 0.832000 0.524615 0.832000 0.527692 0.832800 0.529231 0.832800 0.530769 0.831200 0.533846 0.831200 0.535385 0.830400 0.536923 0.830400 0.540000 0.831200 0.540000 0.832000 0.541538 0.832800 0.541538 0.833600 0.543077 0.833600 0.544615 0.836000 0.544615 0.836800 0.546154 0.836800 0.547692 0.836000 0.549231 0.835200 0.549231 0.835200 0.552308 0.836800 0.555385 0.836800 0.563077 0.836000 0.564615 0.835200 0.564615 0.834400 0.566154 0.833600 0.564615 0.832000 0.564615 0.832000 0.566154 0.831200 0.567692 0.831200 0.570769 0.832000 0.570769 0.833600 0.573846 0.833600 0.578462 0.832800 0.580000 0.832800 0.583077 0.833600 0.583077 0.834400 0.584615 0.834400 0.587692 0.833600 0.589231 0.832800 0.587692 0.831200 0.587692 0.831200 0.593846 0.830400 0.595385 0.829600 0.595385 0.829600 0.598462 0.828800 0.600000 0.828800 0.604615 0.828000 0.606154 0.828000 0.609231 0.829600 0.609231 0.830400 0.610769 0.830400 0.613846 0.828800 0.616923 0.828000 0.616923 0.827200 0.618462 0.827200 0.620000 0.826400 0.621538 0.824800 0.621538 0.824800 0.624615 0.824000 0.626154 0.824000 0.629231 0.824800 0.630769 0.824000 0.632308 0.824000 0.635385 0.823200 0.636923 0.822400 0.636923 0.819200 0.643077 0.818400 0.643077 0.817600 0.644615 0.816800 0.644615 0.816800 0.647692 0.816000 0.649231 0.815200 0.649231 0.813600 0.652308 0.813600 0.656923 0.815200 0.660000 0.816800 0.660000 0.818400 0.656923 0.819200 0.658462 0.819200 0.660000 0.820000 0.661538 0.819200 0.663077 0.817600 0.663077 0.816800 0.664615 0.814400 0.664615 0.814400 0.666154 0.813600 0.667692 0.812800 0.666154 0.809600 0.666154 0.809600 0.667692 0.808800 0.669231 0.808000 0.669231 0.807200 0.670769 0.804800 0.670769 0.804800 0.673846 0.803200 0.676923 0.803200 0.680000 0.804000 0.681538 0.805600 0.681538 0.806400 0.683077 0.808000 0.683077 0.808800 0.684615 0.808000 0.686154 0.808000 0.689231 0.810400 0.689231 0.811200 0.687692 0.812000 0.689231 0.812800 0.689231 0.813600 0.690769 0.813600 0.692308 0.812800 0.693846 0.810400 0.693846 0.809600 0.692308 0.805600 0.692308 0.805600 0.693846 0.804800 0.695385 0.804000 0.695385 0.804000 0.696923 0.802400 0.700000 0.802400 0.703077 0.803200 0.704615 0.803200 0.706154 0.804000 0.707692 0.804000 0.709231 0.803200 0.710769 0.802400 0.709231 0.801600 0.709231 0.800800 0.707692 0.798400 0.707692 0.798400 0.709231 0.797600 0.710769 0.793600 0.710769 0.792000 0.713846 0.790400 0.710769 0.790400 0.709231 0.788000 0.709231 0.788000 0.712308 0.787200 0.713846 0.787200 0.718462 0.788000 0.718462 0.788800 0.720000 0.788000 0.721538 0.787200 0.721538 0.786400 0.723077 0.785600 0.723077 0.785600 0.726154 0.786400 0.727692 0.785600 0.729231 0.784000 0.729231 0.783200 0.730769 0.783200 0.732308 0.782400 0.733846 0.781600 0.733846 0.780800 0.735385 0.780000 0.735385 0.779200 0.736923 0.779200 0.740000 0.780800 0.740000 0.781600 0.741538 0.780800 0.743077 0.778400 0.743077 0.778400 0.747692 0.777600 0.749231 0.776800 0.749231 0.776000 0.750769 0.773600 0.750769 0.773600 0.752308 0.772800 0.753846 0.770400 0.753846 0.769600 0.755385 0.769600 0.758462 0.768800 0.760000 0.767200 0.760000 0.767200 0.763077 0.768800 0.766154 0.768800 0.767692 0.768000 0.769231 0.767200 0.769231 0.766400 0.770769 0.765600 0.770769 0.765600 0.772308 0.764800 0.773846 0.764000 0.773846 0.764000 0.778462 0.765600 0.778462 0.766400 0.780000 0.767200 0.780000 0.768000 0.781538 0.768800 0.781538 0.769600 0.783077 0.768800 0.784615 0.765600 0.784615 0.764800 0.786154 0.764000 0.784615 0.764000 0.783077 0.759200 0.783077 0.759200 0.786154 0.760000 0.787692 0.760000 0.792308 0.759200 0.793846 0.757600 0.793846 0.757600 0.795385 0.756800 0.796923 0.756800 0.798462 0.756000 0.800000 0.754400 0.800000 0.754400 0.815385 0.753600 0.816923 0.752800 0.816923 0.751200 0.820000 0.750400 0.820000 0.749600 0.821538 0.748800 0.821538 0.748800 0.824615 0.749600 0.826154 0.751200 0.826154 0.752000 0.827692 0.752000 0.829231 0.751200 0.830769 0.749600 0.830769 0.749600 0.832308 0.748800 0.833846 0.748000 0.832308 0.746400 0.832308 0.746400 0.836923 0.745600 0.838462 0.743200 0.838462 0.743200 0.843077 0.742400 0.844615 0.741600 0.844615 0.740800 0.846154 0.740800 0.850769 0.740000 0.852308 0.739200 0.852308 0.739200 0.855385 0.738400 0.856923 0.738400 0.858462 0.737600 0.860000 0.736800 0.860000 0.735200 0.863077 0.734400 0.863077 0.734400 0.864615 0.733600 0.866154 0.732000 0.866154 0.732000 0.870769 0.731200 0.872308 0.730400 0.872308 0.728800 0.875385 0.728000 0.875385 0.727200 0.873846 0.727200 0.872308 0.725600 0.872308 0.725600 0.878462 0.724800 0.880000 0.723200 0.880000 0.723200 0.881538 0.722400 0.883077 0.720000 0.883077 0.720000 0.887692 0.716000 0.895385 0.712800 0.895385 0.712800 0.898462 0.711200 0.901538 0.710400 0.901538 0.709600 0.903077 0.709600 0.907692 0.708800 0.909231 0.706400 0.909231 0.705600 0.910769 0.703200 0.910769 0.703200 0.913846 0.701600 0.916923 0.700800 0.916923 0.700000 0.918462 0.699200 0.918462 0.699200 0.920000 0.698400 0.921538 0.696800 0.921538 0.696800 0.923077 0.695200 0.926154 0.694400 0.926154 0.693600 0.927692 0.690400 0.927692 0.690400 0.929231 0.689600 0.930769 0.689600 0.933846 0.690400 0.935385 0.687200 0.941538 0.685600 0.941538 0.684800 0.943077 0.684800 0.947692 0.687200 0.947692 0.688800 0.944615 0.690400 0.944615 0.691200 0.943077 0.691200 0.941538 0.692800 0.938462 0.692800 0.936923 0.693600 0.935385 0.695200 0.935385 0.696800 0.932308 0.697600 0.932308 0.697600 0.930769 0.698400 0.929231 0.698400 0.927692 0.699200 0.926154 0.699200 0.924615 0.700000 0.923077 0.700800 0.923077 0.702400 0.920000 0.705600 0.920000 0.709600 0.912308 0.710400 0.912308 0.710400 0.909231 0.711200 0.907692 0.712800 0.907692 0.714400 0.904615 0.715200 0.904615 0.717600 0.900000 0.718400 0.900000 0.719200 0.898462 0.720000 0.898462 0.720000 0.895385 0.720800 0.893846 0.722400 0.893846 0.724800 0.889231 0.726400 0.889231 0.726400 0.887692 0.728000 0.884615 0.729600 0.884615 0.730400 0.883077 0.730400 0.881538 0.731200 0.880000 0.732000 0.880000 0.734400 0.875385 0.734400 0.873846 0.735200 0.872308 0.736800 0.872308 0.736800 0.870769 0.740000 0.864615 0.740800 0.864615 0.741600 0.863077 0.741600 0.861538 0.744000 0.856923 0.746400 0.856923 0.746400 0.853846 0.747200 0.852308 0.748000 0.852308 0.748000 0.849231 0.748800 0.847692 0.749600 0.847692 0.752000 0.843077 0.752000 0.841538 0.752800 0.840000 0.754400 0.840000 0.754400 0.835385 0.755200 0.833846 0.756000 0.833846 0.756000 0.832308 0.756800 0.830769 0.757600 0.830769 0.758400 0.829231 0.758400 0.827692 0.759200 0.826154 0.760000 0.826154 0.760000 0.821538 0.760800 0.820000 0.762400 0.820000 0.762400 0.818462 0.764000 0.815385 0.766400 0.815385 0.766400 0.813846 0.767200 0.812308 0.768000 0.812308 0.768000 0.807692 0.769600 0.804615 0.770400 0.804615 0.772800 0.800000 0.772800 0.796923 0.773600 0.795385 0.773600 0.793846 0.774400 0.792308 0.775200 0.792308 0.777600 0.787692 0.778400 0.787692 0.778400 0.786154 0.781600 0.780000 0.781600 0.778462 0.782400 0.776923 0.783200 0.776923 0.784000 0.775385 0.784000 0.773846 0.784800 0.772308 0.784800 0.770769 0.786400 0.767692 0.786400 0.764615 0.787200 0.763077 0.788800 0.763077 0.789600 0.761538 0.789600 0.760000 0.792000 0.755385 0.792800 0.755385 0.792800 0.753846 0.793600 0.752308 0.795200 0.752308 0.796000 0.750769 0.796000 0.747692 0.796800 0.746154 0.797600 0.746154 0.799200 0.743077 0.800000 0.743077 0.800000 0.741538 0.800800 0.740000 0.801600 0.740000 0.802400 0.738462 0.802400 0.736923 0.803200 0.735385 0.804000 0.735385 0.806400 0.730769 0.807200 0.730769 0.807200 0.729231 0.808000 0.727692 0.808800 0.727692 0.809600 0.726154 0.809600 0.723077 0.810400 0.721538 0.810400 0.718462 0.812000 0.715385 0.812800 0.715385 0.815200 0.710769 0.815200 0.709231 0.816000 0.707692 0.816800 0.707692 0.819200 0.703077 0.819200 0.701538 0.822400 0.695385 0.823200 0.695385 0.823200 0.693846 0.824800 0.690769 0.825600 0.690769 0.827200 0.687692 0.827200 0.686154 0.828800 0.683077 0.828800 0.681538 0.829600 0.680000 0.829600 0.678462 0.830400 0.676923 0.831200 0.676923 0.832000 0.675385 0.832000 0.672308 0.832800 0.670769 0.832800 0.669231 0.833600 0.667692 0.833600 0.666154 0.834400 0.664615 0.836000 0.664615 0.836000 0.663077 0.836800 0.661538 0.838400 0.661538 0.838400 0.660000 0.839200 0.658462 0.840000 0.658462 0.840000 0.656923 0.840800 0.655385 0.840800 0.649231 0.841600 0.647692 0.842400 0.647692 0.842400 0.644615 0.843200 0.643077 0.844000 0.643077 0.844000 0.640000 0.844800 0.638462 0.846400 0.638462 0.846400 0.635385 0.847200 0.633846 0.847200 0.632308 0.848800 0.629231 0.848800 0.621538 0.849600 0.620000 0.852800 0.620000 0.852800 0.618462 0.854400 0.615385 0.854400 0.612308 0.855200 0.610769 0.855200 0.607692 0.854400 0.606154 0.855200 0.604615 0.856000 0.604615 0.856000 0.601538 0.857600 0.598462 0.857600 0.596923 0.858400 0.595385 0.860000 0.595385 0.860000 0.592308 0.860800 0.590769 0.860800 0.580000 0.860000 0.578462 0.860800 0.576923 0.861600 0.576923 0.861600 0.572308 0.862400 0.570769 0.863200 0.570769 0.863200 0.563077 0.864000 0.561538 0.864000 0.558462 0.863200 0.558462 0.862400 0.556923 0.862400 0.553846 0.863200 0.552308 0.863200 0.549231 0.862400 0.547692 0.862400 0.543077 0.863200 0.541538 0.863200 0.540000 0.864000 0.538462 0.864000 0.536923 0.865600 0.533846 0.865600 0.529231 0.864000 0.526154 0.864800 0.524615 0.864800 0.521538 0.866400 0.518462 0.866400 0.515385 0.867200 0.513846 0.868000 0.513846 0.869600 0.510769 0.870400 0.510769 0.874400 0.503077 0.878400 0.503077 0.878400 0.498462 0.879200 0.496923 0.880000 0.496923 0.880000 0.495385 0.880800 0.493846 0.882400 0.493846 0.883200 0.495385 0.883200 0.496923 0.884800 0.496923 0.884800 0.495385 0.885600 0.493846 0.885600 0.490769 0.886400 0.489231 0.886400 0.487692 0.887200 0.486154 0.887200 0.484615 0.888800 0.481538 0.890400 0.481538 0.890400 0.478462 0.889600 0.476923 0.890400 0.475385 0.892000 0.475385 0.892800 0.473846 0.892800 0.472308 0.894400 0.469231 0.895200 0.470769 0.897600 0.470769 0.899200 0.467692 0.900000 0.467692 0.900000 0.466154 0.901600 0.463077 0.902400 0.463077 0.902400 0.461538 0.903200 0.460000 0.903200 0.458462 0.904800 0.455385 0.905600 0.455385 0.905600 0.453846 0.908800 0.447692 0.910400 0.447692 0.911200 0.446154 0.913600 0.446154 0.914400 0.444615 0.915200 0.446154 0.916800 0.446154 0.916800 0.444615 0.918400 0.441538 0.918400 0.438462 0.919200 0.436923 0.919200 0.433846 0.921600 0.429231 0.923200 0.429231 0.923200 0.427692 0.924000 0.426154 0.924000 0.424615 0.925600 0.421538 0.926400 0.421538 0.926400 0.420000 0.927200 0.418462 0.927200 0.416923 0.928000 0.415385 0.930400 0.415385 0.931200 0.413846 0.931200 0.412308 0.932000 0.410769 0.934400 0.410769 0.935200 0.409231 0.935200 0.407692 0.936800 0.404615 0.936800 0.403077 0.937600 0.401538 0.938400 0.401538 0.939200 0.403077 0.941600 0.403077 0.941600 0.395385 0.944000 0.390769 0.946400 0.390769 0.946400 0.389231 0.947200 0.387692 0.948000 0.387692 0.949600 0.384615 0.950400 0.386154 0.950400 0.387692 0.952000 0.387692 0.952000 0.383077 0.952800 0.381538 0.952800 0.378462 0.953600 0.376923 0.955200 0.376923 0.955200 0.373846 0.956000 0.372308 0.956800 0.372308 0.956800 0.370769 0.958400 0.367692 0.959200 0.367692 0.960800 0.364615 0.960800 0.361538 0.962400 0.358462 0.963200 0.358462 0.964000 0.356923 0.964000 0.353846 0.964800 0.352308 0.964800 0.350769 0.966400 0.347692 0.966400 0.346154 0.967200 0.344615 0.968000 0.344615 0.968800 0.343077 0.971200 0.343077 0.971200 0.341538 0.973600 0.336923 0.973600 0.335385 0.975200 0.332308 0.976000 0.332308 0.976800 0.330769 0.978400 0.330769 0.979200 0.329231 0.979200 0.326154 0.980000 0.324615 0.980800 0.324615 0.980800 0.323077 0.981600 0.321538 0.984000 0.321538 0.984800 0.320000 0.985600 0.320000 0.985600 0.313846 0.987200 0.310769 0.988000 0.310769 0.988000 0.309231 0.988800 0.307692 0.989600 0.307692 0.990400 0.306154 0.990400 0.304615 0.991200 0.303077 0.992000 0.303077 0.993600 0.300000 0.993600 0.298462 0.994400 0.296923 0.994400 0.295385 0.995200 0.293846 0.996000 0.293846 0.997600 0.290769 0.997600 0.289231 0.999200 0.286154 0.999200 0.244615 0.998400 0.243077 0.997600 0.243077 0.996800 0.241538 0.995200 0.241538 0.994400 0.243077 0.993600 0.243077 0.992800 0.241538
