2 0.426400 0.920000 0.426400 0.923077 0.424000 0.927692 0.424000 0.930769 0.422400 0.933846 0.419200 0.933846 0.419200 0.936923 0.420000 0.938462 0.422400 0.938462 0.423200 0.940000 0.423200 0.941538 0.424800 0.944615 0.424800 0.946154 0.424000 0.947692 0.424000 0.970769 0.424800 0.972308 0.424800 0.976923 0.425600 0.978462 0.429600 0.978462 0.432000 0.973846 0.432000 0.955385 0.432800 0.953846 0.432800 0.947692 0.432000 0.946154 0.432000 0.944615 0.432800 0.943077 0.432800 0.940000 0.433600 0.938462 0.436000 0.938462 0.436000 0.936923 0.436800 0.935385 0.436800 0.932308 0.433600 0.932308 0.432000 0.929231 0.432000 0.924615 0.430400 0.921538 0.430400 0.920000
2 0.896800 0.666154 0.896800 0.669231 0.896000 0.670769 0.895200 0.670769 0.893600 0.673846 0.889600 0.673846 0.889600 0.681538 0.891200 0.681538 0.892000 0.680000 0.892800 0.680000 0.893600 0.681538 0.894400 0.681538 0.896000 0.684615 0.896000 0.687692 0.896800 0.689231 0.896800 0.693846 0.898400 0.693846 0.899200 0.692308 0.899200 0.687692 0.900000 0.686154 0.901600 0.686154 0.902400 0.687692 0.905600 0.687692 0.906400 0.689231 0.911200 0.689231 0.911200 0.687692 0.912000 0.686154 0.912000 0.683077 0.911200 0.681538 0.909600 0.681538 0.908800 0.680000 0.908000 0.680000 0.907200 0.678462 0.906400 0.678462 0.905600 0.676923 0.905600 0.675385 0.901600 0.675385 0.900800 0.673846 0.900000 0.673846 0.899200 0.672308 0.899200 0.670769 0.898400 0.669231 0.898400 0.666154
2 0.198400 0.633846 0.197600 0.635385 0.196800 0.635385 0.195200 0.638462 0.194400 0.638462 0.193600 0.640000 0.193600 0.644615 0.196000 0.644615 0.196800 0.646154 0.200000 0.646154 0.200800 0.644615 0.202400 0.644615 0.202400 0.638462 0.200000 0.633846
2 0.728800 0.556923 0.727200 0.560000 0.726400 0.560000 0.726400 0.566154 0.727200 0.566154 0.728000 0.567692 0.728000 0.569231 0.729600 0.569231 0.730400 0.570769 0.734400 0.570769 0.735200 0.569231 0.735200 0.567692 0.736000 0.566154 0.736000 0.563077 0.735200 0.561538 0.734400 0.561538 0.733600 0.560000 0.732000 0.560000 0.730400 0.556923
2 0.588000 0.380000 0.587200 0.381538 0.587200 0.389231 0.588000 0.389231 0.588800 0.390769 0.588800 0.392308 0.589600 0.393846 0.590400 0.393846 0.591200 0.395385 0.592000 0.395385 0.592800 0.396923 0.592800 0.398462 0.595200 0.398462 0.596000 0.396923 0.596000 0.395385 0.596800 0.393846 0.598400 0.393846 0.598400 0.389231 0.597600 0.389231 0.596000 0.386154 0.596000 0.384615 0.595200 0.383077 0.595200 0.381538 0.593600 0.381538 0.592800 0.383077 0.592000 0.381538 0.592000 0.380000
2 0.656800 0.363077 0.655200 0.366154 0.654400 0.366154 0.654400 0.373846 0.653600 0.375385 0.653600 0.380000 0.655200 0.383077 0.658400 0.383077 0.658400 0.381538 0.659200 0.380000 0.662400 0.380000 0.662400 0.376923 0.661600 0.376923 0.660800 0.375385 0.661600 0.373846 0.661600 0.366154 0.660800 0.364615 0.660800 0.363077
2 0.242400 0.264615 0.242400 0.272308 0.241600 0.273846 0.241600 0.276923 0.240800 0.278462 0.240000 0.278462 0.239200 0.280000 0.238400 0.280000 0.237600 0.281538 0.232000 0.281538 0.231200 0.283077 0.231200 0.287692 0.237600 0.287692 0.238400 0.289231 0.240000 0.289231 0.241600 0.292308 0.241600 0.296923 0.242400 0.298462 0.242400 0.307692 0.244800 0.307692 0.244800 0.304615 0.244000 0.303077 0.244800 0.301538 0.244800 0.298462 0.246400 0.295385 0.247200 0.295385 0.248800 0.298462 0.248800 0.300000 0.251200 0.300000 0.252000 0.298462 0.252000 0.290769 0.252800 0.289231 0.253600 0.289231 0.254400 0.287692 0.258400 0.287692 0.259200 0.286154 0.259200 0.283077 0.256800 0.283077 0.256000 0.281538 0.253600 0.281538 0.252000 0.278462 0.252000 0.270769 0.249600 0.270769 0.248800 0.272308 0.248000 0.272308 0.247200 0.270769 0.245600 0.270769 0.244800 0.269231 0.244800 0.264615
2 0.152800 0.253846 0.152800 0.258462 0.151200 0.261538 0.151200 0.263077 0.150400 0.264615 0.150400 0.267692 0.152800 0.272308 0.154400 0.272308 0.156000 0.269231 0.159200 0.269231 0.160000 0.267692 0.160000 0.260000 0.156000 0.260000 0.155200 0.258462 0.155200 0.255385 0.154400 0.253846
2 0.063200 0.230769 0.062400 0.232308 0.060800 0.232308 0.060000 0.233846 0.060000 0.240000 0.060800 0.240000 0.061600 0.241538 0.064000 0.241538 0.064800 0.240000 0.065600 0.241538 0.067200 0.241538 0.067200 0.240000 0.068000 0.238462 0.068800 0.238462 0.068800 0.230769
2 0.107200 0.146154 0.106400 0.147692 0.106400 0.150769 0.104000 0.155385 0.103200 0.155385 0.102400 0.156923 0.100000 0.156923 0.099200 0.158462 0.099200 0.161538 0.102400 0.161538 0.103200 0.163077 0.104800 0.163077 0.105600 0.164615 0.105600 0.169231 0.106400 0.170769 0.106400 0.172308 0.108000 0.172308 0.108000 0.169231 0.108800 0.167692 0.109600 0.167692 0.110400 0.166154 0.113600 0.166154 0.114400 0.167692 0.114400 0.172308 0.115200 0.173846 0.116800 0.173846 0.116800 0.164615 0.117600 0.163077 0.118400 0.163077 0.118400 0.161538 0.119200 0.160000 0.120000 0.160000 0.120000 0.156923 0.118400 0.156923 0.117600 0.155385 0.117600 0.153846 0.116800 0.152308 0.116800 0.150769 0.115200 0.150769 0.113600 0.153846 0.112000 0.153846 0.111200 0.152308 0.109600 0.152308 0.108800 0.150769 0.108000 0.150769 0.107200 0.149231
2 0.024000 0.124615 0.024000 0.127692 0.022400 0.130769 0.020800 0.130769 0.020800 0.135385 0.022400 0.135385 0.024800 0.140000 0.024800 0.143077 0.026400 0.143077 0.027200 0.141538 0.029600 0.141538 0.030400 0.140000 0.031200 0.140000 0.032000 0.138462 0.036800 0.138462 0.036800 0.136923 0.037600 0.135385 0.037600 0.132308 0.036000 0.129231 0.034400 0.129231 0.033600 0.127692 0.028800 0.127692 0.027200 0.124615
3 0.843200 0.676923 0.842400 0.678462 0.842400 0.680000 0.843200 0.680000 0.844800 0.683077 0.845600 0.683077 0.848000 0.687692 0.848800 0.687692 0.850400 0.690769 0.851200 0.690769 0.853600 0.695385 0.854400 0.695385 0.856000 0.698462 0.856800 0.698462 0.859200 0.703077 0.860000 0.703077 0.861600 0.706154 0.862400 0.706154 0.864800 0.710769 0.865600 0.710769 0.867200 0.713846 0.868000 0.713846 0.870400 0.718462 0.871200 0.718462 0.873600 0.723077 0.874400 0.723077 0.876000 0.726154 0.876800 0.726154 0.879200 0.730769 0.880000 0.730769 0.881600 0.733846 0.882400 0.733846 0.884800 0.738462 0.885600 0.738462 0.887200 0.741538 0.888000 0.741538 0.890400 0.746154 0.891200 0.746154 0.892800 0.749231 0.893600 0.749231 0.896000 0.753846 0.896800 0.753846 0.898400 0.756923 0.899200 0.756923 0.901600 0.761538 0.902400 0.761538 0.904000 0.764615 0.904800 0.764615 0.907200 0.769231 0.908000 0.769231 0.910400 0.773846 0.911200 0.773846 0.912800 0.776923 0.913600 0.776923 0.916000 0.781538 0.916800 0.781538 0.918400 0.784615 0.919200 0.784615 0.921600 0.789231 0.922400 0.789231 0.924000 0.792308 0.924800 0.792308 0.927200 0.796923 0.928000 0.796923 0.929600 0.800000 0.930400 0.800000 0.932800 0.804615 0.933600 0.804615 0.935200 0.807692 0.936000 0.807692 0.938400 0.812308 0.939200 0.812308 0.940800 0.815385 0.941600 0.815385 0.944000 0.820000 0.944800 0.820000 0.946400 0.823077 0.947200 0.823077 0.949600 0.827692 0.950400 0.827692 0.952000 0.830769 0.952800 0.830769 0.955200 0.835385 0.956000 0.835385 0.957600 0.838462 0.958400 0.838462 0.960800 0.843077 0.961600 0.843077 0.962400 0.844615 0.962400 0.849231 0.961600 0.850769 0.961600 0.853846 0.960800 0.855385 0.960800 0.860000 0.960000 0.861538 0.960000 0.866154 0.959200 0.867692 0.959200 0.870769 0.958400 0.872308 0.958400 0.876923 0.957600 0.878462 0.957600 0.883077 0.956800 0.884615 0.956800 0.887692 0.956000 0.889231 0.956000 0.893846 0.955200 0.895385 0.955200 0.900000 0.954400 0.901538 0.954400 0.904615 0.953600 0.906154 0.953600 0.910769 0.952800 0.912308 0.952800 0.916923 0.952000 0.918462 0.952000 0.923077 0.951200 0.924615 0.951200 0.927692 0.950400 0.929231 0.950400 0.933846 0.949600 0.935385 0.949600 0.940000 0.948800 0.941538 0.948800 0.944615 0.948000 0.946154 0.948000 0.950769 0.947200 0.952308 0.947200 0.956923 0.946400 0.958462 0.946400 0.961538 0.945600 0.963077 0.945600 0.967692 0.944800 0.969231 0.944800 0.973846 0.944000 0.975385 0.944000 0.980000 0.943200 0.981538 0.943200 0.984615 0.942400 0.986154 0.942400 0.990769 0.941600 0.992308 0.941600 0.996923 0.940800 0.998462 0.999200 0.998462 0.999200 0.781538 0.998400 0.780000 0.996800 0.780000 0.996000 0.778462 0.995200 0.778462 0.994400 0.776923 0.992800 0.776923 0.992000 0.775385 0.991200 0.775385 0.990400 0.773846 0.988800 0.773846 0.988000 0.772308 0.987200 0.772308 0.986400 0.770769 0.984800 0.770769 0.984000 0.769231 0.982400 0.769231 0.981600 0.767692 0.980800 0.767692 0.980000 0.766154 0.978400 0.766154 0.977600 0.764615 0.976800 0.764615 0.976000 0.763077 0.974400 0.763077 0.973600 0.761538 0.972800 0.761538 0.972000 0.760000 0.970400 0.760000 0.969600 0.758462 0.968800 0.758462 0.968000 0.756923 0.966400 0.756923 0.965600 0.755385 0.964800 0.755385 0.964000 0.753846 0.962400 0.753846 0.961600 0.752308 0.960800 0.752308 0.960000 0.750769 0.958400 0.750769 0.957600 0.749231 0.956800 0.749231 0.956000 0.747692 0.954400 0.747692 0.953600 0.746154 0.953600 0.752308 0.952800 0.753846 0.952800 0.758462 0.952000 0.760000 0.952000 0.766154 0.951200 0.767692 0.950400 0.767692 0.948800 0.770769 0.948000 0.770769 0.946400 0.773846 0.945600 0.773846 0.944800 0.772308 0.944800 0.764615 0.940800 0.764615 0.940800 0.776923 0.940000 0.778462 0.940000 0.795385 0.939200 0.796923 0.939200 0.803077 0.938400 0.804615 0.937600 0.804615 0.936000 0.801538 0.935200 0.801538 0.932800 0.796923 0.932000 0.796923 0.930400 0.793846 0.929600 0.793846 0.927200 0.789231 0.926400 0.789231 0.924800 0.786154 0.924000 0.786154 0.922400 0.783077 0.921600 0.783077 0.920800 0.781538 0.920800 0.780000 0.920000 0.780000 0.919200 0.778462 0.918400 0.778462 0.916800 0.775385 0.916000 0.775385 0.913600 0.770769 0.912800 0.770769 0.911200 0.767692 0.910400 0.767692 0.908800 0.764615 0.908000 0.764615 0.905600 0.760000 0.904800 0.760000 0.903200 0.756923 0.902400 0.756923 0.900000 0.752308 0.899200 0.752308 0.897600 0.749231 0.896800 0.749231 0.894400 0.744615 0.893600 0.744615 0.892000 0.741538 0.891200 0.741538 0.889600 0.738462 0.888800 0.738462 0.886400 0.733846 0.885600 0.733846 0.884000 0.730769 0.883200 0.730769 0.880800 0.726154 0.880000 0.726154 0.878400 0.723077 0.877600 0.723077 0.876000 0.720000 0.875200 0.720000 0.872800 0.715385 0.872000 0.715385 0.870400 0.712308 0.869600 0.712308 0.867200 0.707692 0.866400 0.707692 0.864800 0.704615 0.864000 0.704615 0.861600 0.700000 0.860800 0.700000 0.859200 0.696923 0.858400 0.696923 0.856800 0.693846 0.856000 0.693846 0.853600 0.689231 0.852800 0.689231 0.851200 0.686154 0.850400 0.686154 0.848000 0.681538 0.847200 0.681538 0.845600 0.678462 0.844800 0.678462 0.844000 0.676923
3 0.999200 0.583077 0.999200 0.586154 0.998400 0.587692 0.998400 0.590769 0.997600 0.592308 0.997600 0.593846 0.996800 0.595385 0.996800 0.598462 0.996000 0.600000 0.996000 0.603077 0.995200 0.604615 0.995200 0.606154 0.994400 0.607692 0.994400 0.610769 0.993600 0.612308 0.993600 0.615385 0.992800 0.616923 0.992800 0.618462 0.992000 0.620000 0.992000 0.623077 0.991200 0.624615 0.991200 0.627692 0.990400 0.629231 0.990400 0.630769 0.989600 0.632308 0.989600 0.635385 0.988800 0.636923 0.988800 0.640000 0.988000 0.641538 0.988000 0.643077 0.987200 0.644615 0.987200 0.647692 0.986400 0.649231 0.986400 0.652308 0.985600 0.653846 0.985600 0.655385 0.984800 0.656923 0.984800 0.660000 0.984000 0.661538 0.984000 0.664615 0.983200 0.666154 0.983200 0.667692 0.982400 0.669231 0.982400 0.672308 0.981600 0.673846 0.981600 0.676923 0.980800 0.678462 0.980800 0.680000 0.980000 0.681538 0.980000 0.684615 0.979200 0.686154 0.979200 0.687692 0.978400 0.689231 0.976800 0.689231 0.976000 0.687692 0.972800 0.687692 0.972000 0.686154 0.968800 0.686154 0.968000 0.684615 0.964800 0.684615 0.964000 0.683077 0.960800 0.683077 0.960000 0.681538 0.956800 0.681538 0.956000 0.680000 0.952800 0.680000 0.952000 0.678462 0.948800 0.678462 0.948000 0.676923 0.944000 0.676923 0.943200 0.675385 0.940000 0.675385 0.939200 0.673846 0.936000 0.673846 0.935200 0.672308 0.932000 0.672308 0.931200 0.670769 0.928000 0.670769 0.927200 0.669231 0.924000 0.669231 0.923200 0.667692 0.920000 0.667692 0.919200 0.666154 0.916000 0.666154 0.915200 0.664615 0.912000 0.664615 0.911200 0.663077 0.908000 0.663077 0.907200 0.661538 0.903200 0.661538 0.902400 0.660000 0.899200 0.660000 0.898400 0.658462 0.895200 0.658462 0.894400 0.656923 0.891200 0.656923 0.890400 0.655385 0.887200 0.655385 0.886400 0.653846 0.883200 0.653846 0.882400 0.652308 0.879200 0.652308 0.878400 0.650769 0.875200 0.650769 0.874400 0.649231 0.871200 0.649231 0.870400 0.647692 0.867200 0.647692 0.866400 0.646154 0.863200 0.646154 0.862400 0.644615 0.858400 0.644615 0.857600 0.643077 0.854400 0.643077 0.853600 0.641538 0.850400 0.641538 0.849600 0.640000 0.848800 0.640000 0.848000 0.641538 0.848000 0.646154 0.848800 0.646154 0.849600 0.647692 0.852800 0.647692 0.853600 0.649231 0.857600 0.649231 0.858400 0.650769 0.861600 0.650769 0.862400 0.652308 0.865600 0.652308 0.866400 0.653846 0.869600 0.653846 0.870400 0.655385 0.874400 0.655385 0.875200 0.656923 0.878400 0.656923 0.879200 0.658462 0.882400 0.658462 0.883200 0.660000 0.886400 0.660000 0.887200 0.661538 0.891200 0.661538 0.892000 0.663077 0.895200 0.663077 0.896000 0.664615 0.899200 0.664615 0.900000 0.666154 0.904000 0.666154 0.904800 0.667692 0.908000 0.667692 0.908800 0.669231 0.912000 0.669231 0.912800 0.670769 0.916000 0.670769 0.916800 0.672308 0.920800 0.672308 0.921600 0.673846 0.924800 0.673846 0.925600 0.675385 0.928800 0.675385 0.929600 0.676923 0.932800 0.676923 0.933600 0.678462 0.937600 0.678462 0.938400 0.680000 0.941600 0.680000 0.942400 0.681538 0.945600 0.681538 0.946400 0.683077 0.949600 0.683077 0.950400 0.684615 0.954400 0.684615 0.955200 0.686154 0.958400 0.686154 0.959200 0.687692 0.962400 0.687692 0.963200 0.689231 0.966400 0.689231 0.967200 0.690769 0.971200 0.690769 0.972000 0.692308 0.975200 0.692308 0.976000 0.693846 0.979200 0.693846 0.980000 0.695385 0.980000 0.696923 0.979200 0.698462 0.979200 0.701538 0.978400 0.703077 0.978400 0.704615 0.977600 0.706154 0.977600 0.709231 0.976800 0.710769 0.976800 0.713846 0.976000 0.715385 0.976000 0.716923 0.975200 0.718462 0.972000 0.718462 0.971200 0.716923 0.969600 0.716923 0.968800 0.715385 0.967200 0.715385 0.966400 0.713846 0.964800 0.713846 0.964000 0.712308 0.962400 0.712308 0.960000 0.707692 0.958400 0.707692 0.958400 0.716923 0.959200 0.718462 0.960000 0.718462 0.960800 0.720000 0.961600 0.720000 0.962400 0.721538 0.964000 0.721538 0.964800 0.723077 0.965600 0.723077 0.966400 0.724615 0.968000 0.724615 0.968800 0.726154 0.969600 0.726154 0.970400 0.727692 0.971200 0.727692 0.972000 0.729231 0.973600 0.729231 0.974400 0.730769 0.974400 0.735385 0.972800 0.738462 0.972000 0.738462 0.971200 0.736923 0.970400 0.736923 0.969600 0.735385 0.968000 0.735385 0.967200 0.733846 0.965600 0.733846 0.964800 0.732308 0.964000 0.732308 0.963200 0.730769 0.961600 0.730769 0.960800 0.729231 0.960000 0.729231 0.959200 0.727692 0.957600 0.727692 0.956800 0.726154 0.956800 0.732308 0.957600 0.733846 0.959200 0.733846 0.960000 0.735385 0.960800 0.735385 0.961600 0.736923 0.962400 0.736923 0.963200 0.738462 0.964000 0.738462 0.964800 0.740000 0.966400 0.740000 0.967200 0.741538 0.968000 0.741538 0.968800 0.743077 0.969600 0.743077 0.970400 0.744615 0.971200 0.744615 0.972000 0.746154 0.973600 0.746154 0.974400 0.747692 0.975200 0.747692 0.976000 0.749231 0.976800 0.749231 0.977600 0.750769 0.979200 0.750769 0.980000 0.752308 0.980800 0.752308 0.981600 0.753846 0.982400 0.753846 0.983200 0.755385 0.984000 0.755385 0.984800 0.756923 0.986400 0.756923 0.987200 0.758462 0.988000 0.758462 0.988800 0.760000 0.989600 0.760000 0.990400 0.761538 0.991200 0.761538 0.992000 0.763077 0.993600 0.763077 0.994400 0.764615 0.995200 0.764615 0.996000 0.766154 0.996800 0.766154 0.997600 0.767692 0.998400 0.767692 0.999200 0.769231
