2 0.765600 0.881538 0.765600 0.886154 0.764800 0.887692 0.763200 0.887692 0.763200 0.890769 0.764000 0.892308 0.764000 0.893846 0.764800 0.895385 0.765600 0.895385 0.766400 0.896923 0.767200 0.896923 0.768000 0.898462 0.769600 0.898462 0.769600 0.889231 0.768800 0.887692 0.768800 0.884615 0.768000 0.883077 0.768000 0.881538
2 0.842400 0.880000 0.842400 0.890769 0.841600 0.892308 0.841600 0.893846 0.839200 0.898462 0.839200 0.901538 0.840000 0.903077 0.840000 0.907692 0.840800 0.909231 0.840800 0.910769 0.842400 0.913846 0.842400 0.918462 0.845600 0.918462 0.846400 0.916923 0.846400 0.915385 0.847200 0.913846 0.847200 0.910769 0.848000 0.909231 0.848000 0.906154 0.847200 0.904615 0.847200 0.898462 0.846400 0.896923 0.846400 0.893846 0.844800 0.890769 0.844800 0.887692 0.844000 0.886154 0.844800 0.884615 0.844800 0.881538 0.844000 0.880000
2 0.804000 0.875385 0.804000 0.886154 0.803200 0.887692 0.802400 0.887692 0.802400 0.895385 0.803200 0.895385 0.804000 0.896923 0.804000 0.901538 0.805600 0.901538 0.806400 0.900000 0.808800 0.900000 0.808800 0.892308 0.808000 0.890769 0.808000 0.889231 0.807200 0.887692 0.807200 0.881538 0.805600 0.878462 0.805600 0.875385
2 0.736000 0.427692 0.736000 0.443077 0.735200 0.444615 0.734400 0.444615 0.734400 0.452308 0.735200 0.452308 0.736000 0.453846 0.736000 0.463077 0.735200 0.464615 0.735200 0.480000 0.734400 0.481538 0.734400 0.489231 0.733600 0.490769 0.733600 0.493846 0.732800 0.495385 0.730400 0.495385 0.729600 0.493846 0.726400 0.493846 0.726400 0.501538 0.725600 0.503077 0.718400 0.503077 0.718400 0.510769 0.721600 0.510769 0.722400 0.512308 0.725600 0.512308 0.726400 0.510769 0.727200 0.510769 0.729600 0.515385 0.729600 0.518462 0.732800 0.518462 0.733600 0.516923 0.734400 0.518462 0.734400 0.526154 0.735200 0.527692 0.735200 0.547692 0.736000 0.549231 0.736000 0.555385 0.735200 0.556923 0.735200 0.589231 0.736000 0.590769 0.739200 0.590769 0.739200 0.573846 0.740000 0.572308 0.740000 0.555385 0.740800 0.553846 0.741600 0.553846 0.741600 0.541538 0.740800 0.540000 0.740800 0.536923 0.740000 0.535385 0.740000 0.533846 0.740800 0.532308 0.741600 0.532308 0.741600 0.526154 0.743200 0.523077 0.743200 0.513846 0.744000 0.512308 0.748000 0.512308 0.748800 0.510769 0.756000 0.510769 0.756800 0.509231 0.756800 0.503077 0.747200 0.503077 0.745600 0.500000 0.745600 0.496923 0.744800 0.496923 0.744000 0.495385 0.741600 0.495385 0.740000 0.492308 0.740000 0.490769 0.740800 0.489231 0.740800 0.480000 0.740000 0.478462 0.740000 0.476923 0.740800 0.475385 0.740800 0.461538 0.740000 0.460000 0.740800 0.458462 0.740800 0.452308 0.740000 0.450769 0.740000 0.430769 0.739200 0.429231 0.739200 0.427692
2 0.679200 0.380000 0.679200 0.392308 0.678400 0.393846 0.678400 0.396923 0.677600 0.398462 0.677600 0.400000 0.676800 0.401538 0.676000 0.401538 0.676000 0.407692 0.677600 0.407692 0.679200 0.410769 0.679200 0.413846 0.681600 0.413846 0.681600 0.410769 0.682400 0.409231 0.682400 0.407692 0.683200 0.406154 0.683200 0.401538 0.682400 0.400000 0.682400 0.392308 0.681600 0.390769 0.681600 0.381538 0.680800 0.380000
2 0.744800 0.369231 0.744800 0.372308 0.743200 0.375385 0.743200 0.381538 0.744000 0.381538 0.744800 0.383077 0.744800 0.386154 0.745600 0.387692 0.745600 0.390769 0.747200 0.390769 0.748000 0.392308 0.749600 0.392308 0.749600 0.384615 0.748800 0.383077 0.748800 0.380000 0.748000 0.378462 0.748000 0.376923 0.748800 0.375385 0.749600 0.375385 0.749600 0.372308 0.748000 0.372308 0.747200 0.370769 0.747200 0.369231
2 0.735200 0.260000 0.734400 0.261538 0.734400 0.270769 0.736000 0.273846 0.736000 0.280000 0.738400 0.280000 0.738400 0.278462 0.739200 0.276923 0.739200 0.272308 0.738400 0.270769 0.738400 0.261538 0.737600 0.261538 0.736800 0.260000
2 0.677600 0.203077 0.677600 0.204615 0.676800 0.206154 0.676800 0.218462 0.676000 0.220000 0.674400 0.220000 0.674400 0.224615 0.673600 0.226154 0.672800 0.226154 0.672800 0.232308 0.672000 0.233846 0.671200 0.232308 0.669600 0.232308 0.668800 0.233846 0.668800 0.241538 0.668000 0.243077 0.668000 0.250769 0.670400 0.250769 0.671200 0.249231 0.672000 0.250769 0.674400 0.250769 0.675200 0.252308 0.676000 0.252308 0.676800 0.253846 0.676800 0.267692 0.677600 0.269231 0.677600 0.280000 0.678400 0.281538 0.680000 0.281538 0.680000 0.261538 0.680800 0.260000 0.681600 0.261538 0.681600 0.263077 0.683200 0.266154 0.683200 0.269231 0.684800 0.272308 0.684800 0.276923 0.685600 0.276923 0.686400 0.278462 0.685600 0.280000 0.685600 0.284615 0.687200 0.284615 0.688000 0.283077 0.688000 0.273846 0.687200 0.272308 0.687200 0.270769 0.686400 0.269231 0.686400 0.267692 0.687200 0.266154 0.687200 0.261538 0.686400 0.260000 0.686400 0.255385 0.685600 0.253846 0.685600 0.252308 0.686400 0.250769 0.688000 0.250769 0.688000 0.247692 0.688800 0.246154 0.689600 0.246154 0.689600 0.236923 0.688000 0.236923 0.686400 0.240000 0.684800 0.236923 0.684800 0.233846 0.684000 0.232308 0.682400 0.232308 0.680000 0.227692 0.680800 0.226154 0.681600 0.226154 0.681600 0.223077 0.680800 0.223077 0.680000 0.221538 0.680000 0.203077
2 0.847200 0.075385 0.847200 0.076923 0.846400 0.078462 0.846400 0.095385 0.847200 0.096923 0.847200 0.104615 0.848800 0.104615 0.848800 0.095385 0.849600 0.093846 0.849600 0.090769 0.850400 0.089231 0.850400 0.083077 0.849600 0.081538 0.849600 0.080000 0.848800 0.078462 0.848800 0.075385
2 0.677600 0.000000 0.677600 0.009231 0.678400 0.010769 0.678400 0.012308 0.679200 0.013846 0.679200 0.021538 0.681600 0.021538 0.681600 0.006154 0.680800 0.004615 0.680800 0.003077 0.680000 0.001538 0.680000 0.000000
3 0.079200 0.000000 0.078400 0.001538 0.078400 0.004615 0.079200 0.006154 0.081600 0.006154 0.084000 0.001538 0.084800 0.003077 0.084800 0.009231 0.084000 0.010769 0.076800 0.010769 0.076800 0.015385 0.076000 0.016923 0.075200 0.015385 0.074400 0.015385 0.073600 0.013846 0.071200 0.013846 0.069600 0.016923 0.068800 0.016923 0.067200 0.020000 0.066400 0.020000 0.064000 0.024615 0.064000 0.026154 0.063200 0.027692 0.062400 0.027692 0.060800 0.030769 0.060000 0.030769 0.058400 0.033846 0.057600 0.033846 0.056800 0.032308 0.054400 0.032308 0.054400 0.040000 0.053600 0.041538 0.053600 0.044615 0.052800 0.046154 0.052000 0.046154 0.052000 0.047692 0.051200 0.049231 0.049600 0.049231 0.049600 0.050769 0.045600 0.058462 0.044800 0.058462 0.044800 0.060000 0.044000 0.061538 0.044000 0.064615 0.043200 0.066154 0.042400 0.066154 0.042400 0.067692 0.041600 0.069231 0.040800 0.069231 0.040800 0.070769 0.039200 0.073846 0.039200 0.075385 0.038400 0.076923 0.037600 0.076923 0.036800 0.078462 0.036000 0.078462 0.036000 0.080000 0.035200 0.081538 0.034400 0.081538 0.034400 0.083077 0.033600 0.084615 0.032000 0.084615 0.026400 0.095385 0.026400 0.096923 0.024800 0.100000 0.024000 0.100000 0.023200 0.101538 0.022400 0.101538 0.021600 0.103077 0.021600 0.104615 0.020800 0.106154 0.020000 0.104615 0.017600 0.104615 0.016800 0.106154 0.015200 0.106154 0.014400 0.107692 0.013600 0.106154 0.012800 0.106154 0.012000 0.104615 0.012800 0.103077 0.012800 0.098462 0.015200 0.093846 0.016000 0.093846 0.016000 0.090769 0.016800 0.089231 0.016800 0.087692 0.018400 0.084615 0.018400 0.083077 0.019200 0.081538 0.019200 0.080000 0.020000 0.078462 0.020800 0.078462 0.024000 0.072308 0.024000 0.070769 0.027200 0.064615 0.027200 0.063077 0.028000 0.061538 0.028000 0.060000 0.028800 0.058462 0.028800 0.055385 0.030400 0.052308 0.030400 0.047692 0.032000 0.044615 0.032000 0.041538 0.033600 0.038462 0.033600 0.036923 0.034400 0.035385 0.034400 0.027692 0.032800 0.024615 0.032000 0.024615 0.031200 0.023077 0.028000 0.023077 0.028000 0.024615 0.026400 0.027692 0.018400 0.027692 0.017600 0.029231 0.006400 0.029231 0.005600 0.027692 0.003200 0.027692 0.002400 0.029231 0.000000 0.029231 0.000000 0.095385 0.000800 0.096923 0.004000 0.096923 0.004800 0.098462 0.005600 0.098462 0.006400 0.100000 0.004800 0.103077 0.004000 0.103077 0.003200 0.101538 0.000000 0.101538 0.000000 0.180000 0.001600 0.180000 0.004800 0.186154 0.005600 0.186154 0.006400 0.187692 0.006400 0.189231 0.008000 0.189231 0.009600 0.192308 0.009600 0.193846 0.010400 0.193846 0.011200 0.195385 0.011200 0.196923 0.012000 0.196923 0.012800 0.198462 0.014400 0.198462 0.015200 0.200000 0.015200 0.201538 0.016000 0.201538 0.016800 0.203077 0.019200 0.203077 0.020000 0.204615 0.020000 0.207692 0.020800 0.209231 0.020800 0.212308 0.024000 0.218462 0.026400 0.218462 0.027200 0.216923 0.028800 0.220000 0.028800 0.221538 0.029600 0.221538 0.030400 0.223077 0.030400 0.235385 0.029600 0.236923 0.029600 0.247692 0.028800 0.249231 0.028800 0.255385 0.028000 0.256923 0.028000 0.260000 0.028800 0.261538 0.028000 0.263077 0.028000 0.267692 0.027200 0.269231 0.027200 0.272308 0.028000 0.273846 0.028000 0.276923 0.027200 0.278462 0.027200 0.281538 0.026400 0.283077 0.026400 0.286154 0.025600 0.287692 0.025600 0.292308 0.026400 0.293846 0.025600 0.295385 0.025600 0.301538 0.024800 0.303077 0.024800 0.309231 0.024000 0.310769 0.024000 0.321538 0.023200 0.323077 0.021600 0.323077 0.021600 0.329231 0.020800 0.330769 0.020800 0.336923 0.020000 0.338462 0.020000 0.346154 0.019200 0.347692 0.019200 0.350769 0.018400 0.352308 0.018400 0.355385 0.016800 0.358462 0.015200 0.358462 0.014400 0.360000 0.013600 0.360000 0.013600 0.366154 0.014400 0.366154 0.015200 0.367692 0.015200 0.369231 0.014400 0.370769 0.012000 0.370769 0.012000 0.372308 0.011200 0.373846 0.011200 0.375385 0.010400 0.376923 0.009600 0.376923 0.008800 0.378462 0.008800 0.383077 0.010400 0.383077 0.012000 0.380000 0.012800 0.381538 0.013600 0.381538 0.014400 0.383077 0.014400 0.387692 0.012800 0.390769 0.012000 0.390769 0.012000 0.404615 0.011200 0.406154 0.011200 0.413846 0.012000 0.415385 0.012000 0.418462 0.011200 0.420000 0.011200 0.424615 0.012000 0.424615 0.012800 0.426154 0.012800 0.427692 0.013600 0.429231 0.013600 0.438462 0.012800 0.440000 0.009600 0.440000 0.009600 0.441538 0.008800 0.443077 0.008000 0.443077 0.006400 0.446154 0.005600 0.446154 0.005600 0.449231 0.007200 0.452308 0.007200 0.453846 0.010400 0.453846 0.012000 0.456923 0.012000 0.463077 0.016000 0.463077 0.016000 0.461538 0.017600 0.458462 0.018400 0.458462 0.019200 0.460000 0.019200 0.463077 0.018400 0.464615 0.018400 0.466154 0.017600 0.467692 0.017600 0.470769 0.018400 0.472308 0.018400 0.473846 0.020000 0.473846 0.020800 0.472308 0.021600 0.473846 0.021600 0.481538 0.022400 0.483077 0.022400 0.484615 0.024000 0.484615 0.024800 0.486154 0.024800 0.487692 0.025600 0.487692 0.026400 0.489231 0.028000 0.489231 0.030400 0.493846 0.031200 0.493846 0.032000 0.495385 0.033600 0.495385 0.034400 0.496923 0.035200 0.496923 0.037600 0.501538 0.036800 0.503077 0.036800 0.510769 0.038400 0.513846 0.038400 0.515385 0.037600 0.516923 0.037600 0.523077 0.039200 0.526154 0.039200 0.527692 0.040000 0.529231 0.040000 0.532308 0.040800 0.532308 0.042400 0.535385 0.043200 0.535385 0.046400 0.541538 0.045600 0.543077 0.045600 0.546154 0.044800 0.547692 0.044800 0.550769 0.044000 0.552308 0.043200 0.550769 0.043200 0.544615 0.040800 0.544615 0.040000 0.546154 0.040000 0.547692 0.039200 0.549231 0.038400 0.547692 0.036800 0.547692 0.035200 0.550769 0.034400 0.549231 0.033600 0.549231 0.032800 0.547692 0.030400 0.547692 0.030400 0.550769 0.031200 0.552308 0.031200 0.553846 0.032800 0.556923 0.032800 0.558462 0.033600 0.558462 0.035200 0.561538 0.035200 0.564615 0.036000 0.566154 0.036000 0.567692 0.036800 0.569231 0.036800 0.584615 0.037600 0.586154 0.038400 0.586154 0.039200 0.587692 0.039200 0.589231 0.040000 0.590769 0.040000 0.592308 0.042400 0.596923 0.042400 0.598462 0.043200 0.600000 0.043200 0.601538 0.044800 0.604615 0.044800 0.606154 0.046400 0.609231 0.046400 0.610769 0.047200 0.612308 0.047200 0.613846 0.048800 0.616923 0.048800 0.618462 0.049600 0.620000 0.048000 0.623077 0.048000 0.626154 0.048800 0.626154 0.049600 0.627692 0.049600 0.629231 0.050400 0.630769 0.052800 0.630769 0.053600 0.632308 0.052000 0.635385 0.052000 0.638462 0.053600 0.638462 0.055200 0.641538 0.055200 0.647692 0.056000 0.649231 0.056000 0.652308 0.056800 0.653846 0.056000 0.655385 0.056000 0.658462 0.056800 0.660000 0.056800 0.664615 0.057600 0.666154 0.057600 0.670769 0.058400 0.672308 0.057600 0.673846 0.057600 0.675385 0.056800 0.676923 0.055200 0.676923 0.055200 0.680000 0.059200 0.680000 0.060000 0.681538 0.060000 0.683077 0.061600 0.686154 0.061600 0.687692 0.063200 0.687692 0.064800 0.690769 0.064800 0.698462 0.066400 0.701538 0.066400 0.703077 0.068000 0.706154 0.068000 0.710769 0.068800 0.712308 0.068800 0.716923 0.070400 0.720000 0.070400 0.723077 0.071200 0.724615 0.071200 0.727692 0.072000 0.727692 0.072800 0.729231 0.072800 0.732308 0.075200 0.736923 0.076000 0.736923 0.076800 0.738462 0.076800 0.740000 0.079200 0.744615 0.080000 0.744615 0.080800 0.746154 0.080800 0.747692 0.082400 0.750769 0.083200 0.750769 0.084000 0.752308 0.084000 0.753846 0.085600 0.753846 0.088000 0.758462 0.088800 0.758462 0.089600 0.760000 0.092000 0.760000 0.092800 0.761538 0.094400 0.761538 0.095200 0.763077 0.096000 0.763077 0.097600 0.766154 0.099200 0.766154 0.100000 0.767692 0.102400 0.767692 0.103200 0.769231 0.104800 0.769231 0.105600 0.767692 0.106400 0.769231 0.108000 0.769231 0.108800 0.770769 0.109600 0.770769 0.110400 0.772308 0.113600 0.772308 0.114400 0.773846 0.114400 0.775385 0.115200 0.776923 0.115200 0.780000 0.116000 0.780000 0.116800 0.781538 0.116800 0.786154 0.118400 0.789231 0.118400 0.790769 0.119200 0.792308 0.119200 0.793846 0.120000 0.795385 0.120000 0.796923 0.120800 0.798462 0.120800 0.801538 0.121600 0.803077 0.121600 0.806154 0.123200 0.809231 0.123200 0.813846 0.124800 0.816923 0.124800 0.818462 0.125600 0.820000 0.125600 0.821538 0.126400 0.823077 0.126400 0.826154 0.127200 0.827692 0.127200 0.829231 0.128000 0.830769 0.128000 0.832308 0.128800 0.833846 0.128800 0.835385 0.129600 0.836923 0.129600 0.838462 0.130400 0.840000 0.130400 0.844615 0.131200 0.844615 0.132000 0.846154 0.131200 0.847692 0.131200 0.853846 0.132800 0.853846 0.133600 0.855385 0.133600 0.860000 0.132800 0.861538 0.132000 0.860000 0.130400 0.860000 0.129600 0.858462 0.128000 0.858462 0.128000 0.863077 0.127200 0.864615 0.127200 0.867692 0.128800 0.867692 0.130400 0.870769 0.130400 0.875385 0.132000 0.878462 0.132000 0.883077 0.133600 0.883077 0.134400 0.884615 0.134400 0.887692 0.135200 0.887692 0.136000 0.889231 0.136000 0.900000 0.137600 0.900000 0.138400 0.901538 0.137600 0.903077 0.137600 0.906154 0.138400 0.907692 0.138400 0.920000 0.137600 0.921538 0.137600 0.926154 0.138400 0.927692 0.138400 0.929231 0.140000 0.932308 0.140000 0.940000 0.141600 0.940000 0.142400 0.941538 0.142400 0.944615 0.144000 0.944615 0.144800 0.946154 0.146400 0.946154 0.148000 0.949231 0.153600 0.949231 0.156000 0.953846 0.157600 0.953846 0.158400 0.955385 0.158400 0.958462 0.160800 0.958462 0.160800 0.955385 0.161600 0.953846 0.163200 0.953846 0.163200 0.952308 0.164000 0.950769 0.164800 0.950769 0.165600 0.949231 0.167200 0.949231 0.168000 0.947692 0.168800 0.947692 0.170400 0.944615 0.172800 0.944615 0.172800 0.943077 0.176000 0.936923 0.178400 0.936923 0.179200 0.935385 0.180800 0.935385 0.181600 0.936923 0.187200 0.936923 0.188000 0.935385 0.188800 0.935385 0.189600 0.933846 0.192800 0.933846 0.193600 0.932308 0.197600 0.932308 0.198400 0.930769 0.200800 0.930769 0.201600 0.929231 0.202400 0.929231 0.202400 0.927692 0.203200 0.926154 0.204000 0.927692 0.205600 0.927692 0.206400 0.926154 0.208800 0.926154 0.209600 0.927692 0.211200 0.927692 0.212000 0.929231 0.212000 0.932308 0.212800 0.933846 0.212800 0.935385 0.213600 0.935385 0.214400 0.936923 0.213600 0.938462 0.213600 0.940000 0.212000 0.943077 0.210400 0.943077 0.209600 0.944615 0.209600 0.946154 0.208800 0.947692 0.208800 0.949231 0.204800 0.956923 0.204000 0.956923 0.203200 0.958462 0.202400 0.958462 0.201600 0.960000 0.199200 0.960000 0.198400 0.961538 0.196800 0.961538 0.196000 0.960000 0.195200 0.960000 0.194400 0.958462 0.194400 0.956923 0.192800 0.956923 0.192000 0.958462 0.190400 0.958462 0.188800 0.961538 0.187200 0.961538 0.187200 0.963077 0.185600 0.966154 0.182400 0.966154 0.181600 0.967692 0.178400 0.967692 0.177600 0.969231 0.177600 0.970769 0.176000 0.973846 0.172800 0.973846 0.172800 0.975385 0.172000 0.976923 0.172000 0.980000 0.171200 0.981538 0.171200 0.987692 0.170400 0.989231 0.166400 0.989231 0.166400 0.993846 0.167200 0.995385 0.168800 0.995385 0.169600 0.993846 0.172800 0.993846 0.174400 0.990769 0.175200 0.992308 0.177600 0.992308 0.179200 0.995385 0.181600 0.995385 0.182400 0.996923 0.182400 0.998462 0.273600 0.998462 0.273600 0.995385 0.274400 0.993846 0.275200 0.993846 0.275200 0.989231 0.276000 0.987692 0.276000 0.984615 0.276800 0.983077 0.276800 0.978462 0.276000 0.976923 0.276800 0.975385 0.276800 0.973846 0.278400 0.970769 0.280800 0.970769 0.280800 0.967692 0.281600 0.966154 0.282400 0.966154 0.283200 0.964615 0.283200 0.955385 0.284000 0.953846 0.287200 0.953846 0.287200 0.952308 0.288000 0.950769 0.288000 0.949231 0.288800 0.947692 0.288800 0.946154 0.289600 0.944615 0.290400 0.944615 0.290400 0.935385 0.291200 0.933846 0.291200 0.932308 0.292000 0.930769 0.292000 0.927692 0.292800 0.926154 0.292800 0.920000 0.293600 0.918462 0.293600 0.915385 0.291200 0.915385 0.289600 0.918462 0.288000 0.915385 0.288000 0.912308 0.287200 0.912308 0.286400 0.910769 0.287200 0.909231 0.287200 0.907692 0.288000 0.906154 0.288000 0.903077 0.287200 0.901538 0.288800 0.898462 0.290400 0.898462 0.290400 0.892308 0.291200 0.890769 0.291200 0.887692 0.292800 0.884615 0.292800 0.881538 0.291200 0.881538 0.290400 0.880000 0.290400 0.878462 0.293600 0.872308 0.294400 0.873846 0.296800 0.873846 0.297600 0.872308 0.298400 0.872308 0.298400 0.869231 0.297600 0.867692 0.297600 0.866154 0.296800 0.864615 0.296800 0.858462 0.297600 0.856923 0.297600 0.853846 0.296000 0.850769 0.293600 0.850769 0.292800 0.849231 0.293600 0.847692 0.293600 0.844615 0.292000 0.841538 0.292000 0.836923 0.292800 0.835385 0.292800 0.816923 0.293600 0.815385 0.293600 0.800000 0.296000 0.795385 0.296000 0.792308 0.296800 0.790769 0.297600 0.790769 0.297600 0.787692 0.298400 0.786154 0.300800 0.786154 0.300800 0.781538 0.300000 0.780000 0.300000 0.776923 0.299200 0.775385 0.297600 0.775385 0.296800 0.773846 0.296800 0.772308 0.296000 0.770769 0.296000 0.767692 0.296800 0.766154 0.296800 0.753846 0.296000 0.753846 0.295200 0.752308 0.293600 0.752308 0.292800 0.750769 0.292800 0.749231 0.293600 0.747692 0.293600 0.744615 0.294400 0.743077 0.294400 0.736923 0.293600 0.735385 0.293600 0.729231 0.292800 0.727692 0.292800 0.724615 0.293600 0.723077 0.293600 0.709231 0.294400 0.707692 0.295200 0.707692 0.295200 0.701538 0.294400 0.700000 0.294400 0.693846 0.293600 0.692308 0.293600 0.689231 0.294400 0.687692 0.294400 0.684615 0.293600 0.683077 0.293600 0.680000 0.292800 0.678462 0.292800 0.675385 0.293600 0.673846 0.293600 0.666154 0.292800 0.664615 0.292800 0.658462 0.293600 0.656923 0.293600 0.652308 0.292000 0.652308 0.291200 0.650769 0.292000 0.649231 0.292800 0.649231 0.292800 0.640000 0.291200 0.636923 0.291200 0.629231 0.292000 0.627692 0.292800 0.627692 0.292800 0.624615 0.291200 0.624615 0.290400 0.623077 0.290400 0.620000 0.289600 0.618462 0.289600 0.616923 0.288000 0.613846 0.288000 0.612308 0.285600 0.607692 0.285600 0.606154 0.286400 0.604615 0.286400 0.590769 0.285600 0.589231 0.285600 0.584615 0.284800 0.583077 0.284800 0.581538 0.284000 0.580000 0.284000 0.576923 0.284800 0.575385 0.284800 0.572308 0.285600 0.570769 0.286400 0.570769 0.286400 0.563077 0.284800 0.563077 0.284000 0.561538 0.283200 0.561538 0.282400 0.560000 0.282400 0.556923 0.281600 0.556923 0.280800 0.555385 0.280800 0.550769 0.280000 0.549231 0.280000 0.547692 0.279200 0.546154 0.279200 0.543077 0.278400 0.541538 0.278400 0.533846 0.280000 0.530769 0.280000 0.524615 0.279200 0.524615 0.278400 0.523077 0.278400 0.515385 0.277600 0.513846 0.277600 0.512308 0.275200 0.512308 0.274400 0.510769 0.274400 0.507692 0.273600 0.506154 0.273600 0.500000 0.272800 0.498462 0.273600 0.496923 0.275200 0.496923 0.275200 0.493846 0.274400 0.492308 0.274400 0.489231 0.273600 0.489231 0.272000 0.486154 0.272000 0.483077 0.272800 0.481538 0.272800 0.478462 0.271200 0.478462 0.270400 0.476923 0.270400 0.472308 0.269600 0.472308 0.268800 0.470769 0.268800 0.455385 0.268000 0.455385 0.265600 0.450769 0.265600 0.449231 0.264800 0.449231 0.264000 0.447692 0.264000 0.441538 0.263200 0.440000 0.263200 0.436923 0.262400 0.435385 0.262400 0.433846 0.261600 0.432308 0.261600 0.427692 0.260800 0.426154 0.260800 0.424615 0.260000 0.423077 0.260000 0.421538 0.259200 0.420000 0.259200 0.418462 0.258400 0.416923 0.258400 0.412308 0.257600 0.410769 0.257600 0.409231 0.256800 0.407692 0.256800 0.401538 0.256000 0.400000 0.256000 0.398462 0.255200 0.396923 0.255200 0.390769 0.253600 0.387692 0.253600 0.383077 0.254400 0.381538 0.254400 0.376923 0.253600 0.376923 0.252800 0.375385 0.252800 0.369231 0.252000 0.367692 0.252000 0.361538 0.251200 0.360000 0.251200 0.356923 0.250400 0.355385 0.250400 0.353846 0.249600 0.352308 0.250400 0.350769 0.250400 0.347692 0.249600 0.346154 0.248000 0.346154 0.247200 0.344615 0.247200 0.340000 0.246400 0.338462 0.246400 0.336923 0.244800 0.333846 0.244800 0.330769 0.244000 0.329231 0.244000 0.318462 0.243200 0.316923 0.243200 0.312308 0.242400 0.310769 0.242400 0.306154 0.243200 0.304615 0.244000 0.304615 0.244000 0.301538 0.243200 0.301538 0.242400 0.300000 0.242400 0.296923 0.240000 0.296923 0.239200 0.295385 0.239200 0.293846 0.238400 0.292308 0.236800 0.292308 0.236800 0.293846 0.236000 0.295385 0.235200 0.293846 0.235200 0.292308 0.234400 0.290769 0.236800 0.286154 0.236800 0.283077 0.236000 0.281538 0.236000 0.278462 0.236800 0.276923 0.236800 0.273846 0.236000 0.272308 0.236000 0.270769 0.234400 0.267692 0.234400 0.261538 0.233600 0.260000 0.233600 0.258462 0.232800 0.258462 0.232000 0.256923 0.232000 0.250769 0.231200 0.250769 0.230400 0.249231 0.230400 0.244615 0.229600 0.243077 0.228800 0.243077 0.228000 0.241538 0.227200 0.241538 0.226400 0.240000 0.226400 0.238462 0.227200 0.236923 0.227200 0.229231 0.226400 0.229231 0.224800 0.226154 0.224800 0.223077 0.223200 0.220000 0.223200 0.215385 0.220800 0.210769 0.220800 0.209231 0.219200 0.209231 0.216800 0.204615 0.216800 0.203077 0.216000 0.201538 0.216000 0.192308 0.215200 0.190769 0.215200 0.187692 0.214400 0.187692 0.213600 0.186154 0.213600 0.184615 0.212800 0.183077 0.212800 0.178462 0.212000 0.176923 0.212000 0.175385 0.211200 0.173846 0.211200 0.169231 0.212000 0.167692 0.213600 0.167692 0.213600 0.164615 0.214400 0.163077 0.215200 0.163077 0.215200 0.156923 0.213600 0.153846 0.213600 0.150769 0.212000 0.150769 0.211200 0.149231 0.211200 0.146154 0.208800 0.146154 0.207200 0.149231 0.206400 0.147692 0.206400 0.146154 0.205600 0.144615 0.205600 0.143077 0.204800 0.141538 0.204800 0.140000 0.204000 0.138462 0.204000 0.129231 0.204800 0.127692 0.204800 0.120000 0.204000 0.118462 0.203200 0.118462 0.202400 0.116923 0.202400 0.113846 0.201600 0.112308 0.201600 0.109231 0.200800 0.107692 0.200800 0.106154 0.199200 0.106154 0.198400 0.104615 0.198400 0.100000 0.197600 0.098462 0.197600 0.092308 0.196800 0.090769 0.196800 0.089231 0.196000 0.087692 0.196000 0.086154 0.195200 0.084615 0.195200 0.083077 0.196000 0.081538 0.196800 0.081538 0.197600 0.080000 0.197600 0.075385 0.196800 0.073846 0.196800 0.072308 0.195200 0.072308 0.193600 0.069231 0.193600 0.067692 0.192800 0.066154 0.192800 0.064615 0.193600 0.063077 0.193600 0.060000 0.192800 0.058462 0.193600 0.056923 0.193600 0.050769 0.192800 0.050769 0.192000 0.049231 0.192000 0.043077 0.193600 0.040000 0.193600 0.036923 0.188800 0.036923 0.188000 0.035385 0.188000 0.030769 0.187200 0.029231 0.187200 0.024615 0.185600 0.021538 0.185600 0.018462 0.184800 0.016923 0.185600 0.015385 0.185600 0.010769 0.184800 0.010769 0.184000 0.009231 0.184000 0.000000
